   1.52031921485e+08    1.62167382917e+09    2.53386535808e+06    1.00000000000e+00 
581 
9.370530e-05 
9.062241e-05 
8.768935e-05 
8.489658e-05 
8.223527e-05 
7.969727e-05 
7.727496e-05 
7.496156e-05 
7.275063e-05 
7.063621e-05 
6.861276e-05 
6.667514e-05 
6.481855e-05 
6.303844e-05 
6.133060e-05 
5.969131e-05 
5.811695e-05 
5.660415e-05 
5.514973e-05 
5.375071e-05 
5.240433e-05 
5.110792e-05 
4.985899e-05 
4.865535e-05 
4.749482e-05 
4.637536e-05 
4.529508e-05 
4.425214e-05 
4.324487e-05 
4.227163e-05 
4.133091e-05 
4.042121e-05 
3.954125e-05 
3.868974e-05 
3.786548e-05 
3.706731e-05 
3.629414e-05 
3.554494e-05 
3.481873e-05 
3.411457e-05 
3.343158e-05 
3.276888e-05 
3.212570e-05 
3.150129e-05 
3.089493e-05 
3.030593e-05 
2.973363e-05 
2.917740e-05 
2.863666e-05 
2.811082e-05 
2.759935e-05 
2.710173e-05 
2.661743e-05 
2.614599e-05 
2.568696e-05 
2.523993e-05 
2.480448e-05 
2.438022e-05 
2.396675e-05 
2.356373e-05 
2.317079e-05 
2.278762e-05 
2.241387e-05 
2.204926e-05 
2.169347e-05 
2.134623e-05 
2.100726e-05 
2.067631e-05 
2.035313e-05 
2.003747e-05 
1.972911e-05 
1.942781e-05 
1.913337e-05 
1.884558e-05 
1.856424e-05 
1.828916e-05 
1.802016e-05 
1.775705e-05 
1.749965e-05 
1.724781e-05 
1.700138e-05 
1.676019e-05 
1.652411e-05 
1.629298e-05 
1.606667e-05 
1.584505e-05 
1.562798e-05 
1.541535e-05 
1.520703e-05 
1.500292e-05 
1.480288e-05 
1.460683e-05 
1.441464e-05 
1.422622e-05 
1.404148e-05 
1.386031e-05 
1.368262e-05 
1.350834e-05 
1.333736e-05 
1.316962e-05 
1.300502e-05 
1.284349e-05 
1.268495e-05 
1.252933e-05 
1.237656e-05 
1.222657e-05 
1.207930e-05 
1.193466e-05 
1.179262e-05 
1.165309e-05 
1.151603e-05 
1.138137e-05 
1.124906e-05 
1.111904e-05 
1.099127e-05 
1.086569e-05 
1.074224e-05 
1.062090e-05 
1.050159e-05 
1.038429e-05 
1.026894e-05 
1.015551e-05 
1.004395e-05 
9.934213e-06 
9.826269e-06 
9.720076e-06 
9.615595e-06 
9.512792e-06 
9.411627e-06 
9.312066e-06 
9.214079e-06 
9.117630e-06 
9.022689e-06 
8.929224e-06 
8.837205e-06 
8.746601e-06 
8.657385e-06 
8.569527e-06 
8.483001e-06 
8.397780e-06 
8.313837e-06 
8.231147e-06 
8.149685e-06 
8.069427e-06 
7.990350e-06 
7.912430e-06 
7.835645e-06 
7.759973e-06 
7.685391e-06 
7.611879e-06 
7.539417e-06 
7.467985e-06 
7.397564e-06 
7.328135e-06 
7.259679e-06 
7.192179e-06 
7.125616e-06 
7.059973e-06 
6.995234e-06 
6.931381e-06 
6.868399e-06 
6.806273e-06 
6.744985e-06 
6.684523e-06 
6.624870e-06 
6.566012e-06 
6.507936e-06 
6.450627e-06 
6.394072e-06 
6.338258e-06 
6.283172e-06 
6.228801e-06 
6.175131e-06 
6.122153e-06 
6.069854e-06 
6.018222e-06 
5.967247e-06 
5.916917e-06 
5.867221e-06 
5.818149e-06 
5.769691e-06 
5.721835e-06 
5.674573e-06 
5.627894e-06 
5.581789e-06 
5.536248e-06 
5.491263e-06 
5.446824e-06 
5.402923e-06 
5.359550e-06 
5.316698e-06 
5.274358e-06 
5.232522e-06 
5.191182e-06 
5.150330e-06 
5.109959e-06 
5.070060e-06 
5.030627e-06 
4.991652e-06 
4.953128e-06 
4.915048e-06 
4.877407e-06 
4.840196e-06 
4.803409e-06 
4.767041e-06 
4.731084e-06 
4.695533e-06 
4.660381e-06 
4.625622e-06 
4.591251e-06 
4.557262e-06 
4.523649e-06 
4.490406e-06 
4.457529e-06 
4.425012e-06 
4.392849e-06 
4.361036e-06 
4.329567e-06 
4.298438e-06 
4.267644e-06 
4.237179e-06 
4.207040e-06 
4.177221e-06 
4.147718e-06 
4.118526e-06 
4.089642e-06 
4.061060e-06 
4.032776e-06 
4.004788e-06 
3.977089e-06 
3.949678e-06 
3.922548e-06 
3.895698e-06 
3.869122e-06 
3.842817e-06 
3.816780e-06 
3.791007e-06 
3.765493e-06 
3.740237e-06 
3.715234e-06 
3.690481e-06 
3.665974e-06 
3.641711e-06 
3.617688e-06 
3.593902e-06 
3.570350e-06 
3.547029e-06 
3.523936e-06 
3.501067e-06 
3.478420e-06 
3.455993e-06 
3.433782e-06 
3.411784e-06 
3.389997e-06 
3.368418e-06 
3.347044e-06 
3.325873e-06 
3.304903e-06 
3.284130e-06 
3.263552e-06 
3.243168e-06 
3.222973e-06 
3.202967e-06 
3.183147e-06 
3.163510e-06 
3.144054e-06 
3.124777e-06 
3.105677e-06 
3.086752e-06 
3.067999e-06 
3.049417e-06 
3.031003e-06 
3.012755e-06 
2.994672e-06 
2.976751e-06 
2.958990e-06 
2.941388e-06 
2.923943e-06 
2.906652e-06 
2.889514e-06 
2.872528e-06 
2.855691e-06 
2.839001e-06 
2.822458e-06 
2.806058e-06 
2.789802e-06 
2.773686e-06 
2.757709e-06 
2.741870e-06 
2.726167e-06 
2.710598e-06 
2.695163e-06 
2.679859e-06 
2.664685e-06 
2.649639e-06 
2.634721e-06 
2.619928e-06 
2.605260e-06 
2.590715e-06 
2.576290e-06 
2.561987e-06 
2.547802e-06 
2.533734e-06 
2.519783e-06 
2.505946e-06 
2.492224e-06 
2.478613e-06 
2.465114e-06 
2.451725e-06 
2.438445e-06 
2.425272e-06 
2.412206e-06 
2.399246e-06 
2.386389e-06 
2.373635e-06 
2.360984e-06 
2.348433e-06 
2.335983e-06 
2.323631e-06 
2.311376e-06 
2.299219e-06 
2.287157e-06 
2.275189e-06 
2.263316e-06 
2.251535e-06 
2.239846e-06 
2.228247e-06 
2.216739e-06 
2.205319e-06 
2.193988e-06 
2.182744e-06 
2.171585e-06 
2.160513e-06 
2.149524e-06 
2.138620e-06 
2.127798e-06 
2.117058e-06 
2.106399e-06 
2.095821e-06 
2.085322e-06 
2.074902e-06 
2.064559e-06 
2.054294e-06 
2.044106e-06 
2.033992e-06 
2.023954e-06 
2.013990e-06 
2.004099e-06 
1.994281e-06 
1.984535e-06 
1.974860e-06 
1.965256e-06 
1.955722e-06 
1.946257e-06 
1.936861e-06 
1.927532e-06 
1.918271e-06 
1.909076e-06 
1.899947e-06 
1.890883e-06 
1.881885e-06 
1.872950e-06 
1.864079e-06 
1.855270e-06 
1.846524e-06 
1.837840e-06 
1.829217e-06 
1.820654e-06 
1.812152e-06 
1.803708e-06 
1.795324e-06 
1.786998e-06 
1.778730e-06 
1.770519e-06 
1.762365e-06 
1.754267e-06 
1.746225e-06 
1.738237e-06 
1.730305e-06 
1.722427e-06 
1.714602e-06 
1.706831e-06 
1.699112e-06 
1.691446e-06 
1.683831e-06 
1.676268e-06 
1.668756e-06 
1.661294e-06 
1.653882e-06 
1.646519e-06 
1.639206e-06 
1.631941e-06 
1.624724e-06 
1.617555e-06 
1.610433e-06 
1.603359e-06 
1.596331e-06 
1.589349e-06 
1.582412e-06 
1.575521e-06 
1.568675e-06 
1.561874e-06 
1.555116e-06 
1.548403e-06 
1.541732e-06 
1.535105e-06 
1.528521e-06 
1.521978e-06 
1.515478e-06 
1.509019e-06 
1.502601e-06 
1.496225e-06 
1.489889e-06 
1.483592e-06 
1.477336e-06 
1.471119e-06 
1.464942e-06 
1.458803e-06 
1.452703e-06 
1.446641e-06 
1.440617e-06 
1.434630e-06 
1.428681e-06 
1.422768e-06 
1.416892e-06 
1.411053e-06 
1.405249e-06 
1.399482e-06 
1.393749e-06 
1.388052e-06 
1.382390e-06 
1.376762e-06 
1.371169e-06 
1.365610e-06 
1.360084e-06 
1.354592e-06 
1.349133e-06 
1.343707e-06 
1.338314e-06 
1.332953e-06 
1.327624e-06 
1.322327e-06 
1.317062e-06 
1.311828e-06 
1.306625e-06 
1.301453e-06 
1.296312e-06 
1.291201e-06 
1.286121e-06 
1.281070e-06 
1.276049e-06 
1.271058e-06 
1.266096e-06 
1.261162e-06 
1.256258e-06 
1.251382e-06 
1.246534e-06 
1.241715e-06 
1.236923e-06 
1.232159e-06 
1.227423e-06 
1.222714e-06 
1.218032e-06 
1.213376e-06 
1.208748e-06 
1.204146e-06 
1.199570e-06 
1.195020e-06 
1.190496e-06 
1.185997e-06 
1.181524e-06 
1.177077e-06 
1.172654e-06 
1.168256e-06 
1.163883e-06 
1.159535e-06 
1.155210e-06 
1.150910e-06 
1.146634e-06 
1.142382e-06 
1.138153e-06 
1.133948e-06 
1.129766e-06 
1.125607e-06 
1.121471e-06 
1.117358e-06 
1.113267e-06 
1.109199e-06 
1.105153e-06 
1.101129e-06 
1.097127e-06 
1.093147e-06 
1.089188e-06 
1.085251e-06 
1.081336e-06 
1.077441e-06 
1.073568e-06 
1.069715e-06 
1.065883e-06 
1.062071e-06 
1.058280e-06 
1.054509e-06 
1.050759e-06 
1.047028e-06 
1.043317e-06 
1.039626e-06 
1.035954e-06 
1.032302e-06 
1.028669e-06 
1.025056e-06 
1.021461e-06 
1.017885e-06 
1.014328e-06 
1.010789e-06 
1.007269e-06 
1.003768e-06 
1.000284e-06 
9.968188e-07 
9.933715e-07 
9.899419e-07 
9.865302e-07 
9.831360e-07 
9.797593e-07 
9.764000e-07 
9.730580e-07 
9.697330e-07 
9.664251e-07 
9.631341e-07 
9.598599e-07 
9.566023e-07 
9.533613e-07 
9.501367e-07 
9.469285e-07 
9.437364e-07 
9.405604e-07 
9.374005e-07 
9.342564e-07 
9.311282e-07 
9.280156e-07 
9.249186e-07 
9.218371e-07 
9.187709e-07 
9.157200e-07 
9.126844e-07 
9.096637e-07 
9.066581e-07 
9.036673e-07 
9.006913e-07 
8.977300e-07 
8.947833e-07 
8.918510e-07 
8.889332e-07 
8.860296e-07 
8.831402e-07 
8.802650e-07 
8.774038e-07 
8.745565e-07 
8.717230e-07 
8.689033e-07 
8.660972e-07 
8.633047e-07 
8.605257e-07 
8.577601e-07 
8.550079e-07 
8.522688e-07 
8.495429e-07 
8.468300e-07 
8.441302e-07 
8.414432e-07 
8.387690e-07 
8.361076e-07 
8.334588e-07 
8.308225e-07 
8.281988e-07 
8.255875e-07 
8.229885e-07 
8.204017e-07 
8.178271e-07 
8.152647e-07 
8.127142e-07 
8.101758e-07 
1.188242e-06 
1.111986e-06 
1.041708e-06 
9.768588e-07 
9.169436e-07 
8.615212e-07 
8.101952e-07 
7.626091e-07 
7.184423e-07 
6.774054e-07 
6.392373e-07 
6.037019e-07 
5.705852e-07 
5.396933e-07 
5.108502e-07 
4.838957e-07 
4.586841e-07 
4.350826e-07 
4.129699e-07 
3.922354e-07 
3.727778e-07 
3.545042e-07 
3.373297e-07 
3.211765e-07 
3.059729e-07 
2.916531e-07 
2.781564e-07 
2.654270e-07 
2.534135e-07 
2.420684e-07 
2.313477e-07 
2.212110e-07 
2.116205e-07 
2.025417e-07 
1.939423e-07 
1.857923e-07 
1.780640e-07 
1.707317e-07 
1.637715e-07 
1.571609e-07 
1.508792e-07 
1.449072e-07 
1.392267e-07 
1.338210e-07 
1.286743e-07 
1.237719e-07 
1.191003e-07 
1.146464e-07 
1.103983e-07 
1.063448e-07 
1.024753e-07 
9.877993e-08 
9.524944e-08 
9.187511e-08 
8.864878e-08 
8.556275e-08 
8.260982e-08 
7.978318e-08 
7.707644e-08 
7.448359e-08 
7.199894e-08 
6.961723e-08 
6.733333e-08 
6.514248e-08 
6.304020e-08 
6.102223e-08 
5.908459e-08 
5.722346e-08 
5.543528e-08 
5.371666e-08 
5.206438e-08 
5.047541e-08 
4.894688e-08 
4.747606e-08 
4.606036e-08 
4.469734e-08 
4.338467e-08 
4.212014e-08 
4.090166e-08 
3.972723e-08 
3.859498e-08 
3.750310e-08 
3.644988e-08 
3.543370e-08 
3.445301e-08 
3.350634e-08 
3.259229e-08 
3.170953e-08 
3.085677e-08 
3.003282e-08 
2.923651e-08 
2.846675e-08 
2.772247e-08 
2.700269e-08 
2.630643e-08 
2.563280e-08 
2.498090e-08 
2.434992e-08 
2.373904e-08 
2.314752e-08 
2.257461e-08 
2.201962e-08 
2.148188e-08 
2.096076e-08 
2.045565e-08 
1.996596e-08 
1.949114e-08 
1.903064e-08 
1.858396e-08 
1.815060e-08 
1.773009e-08 
1.732196e-08 
1.692580e-08 
1.654118e-08 
1.616770e-08 
1.580498e-08 
1.545264e-08 
1.511034e-08 
1.477772e-08 
1.445448e-08 
1.414028e-08 
1.383484e-08 
1.353785e-08 
1.324904e-08 
1.296814e-08 
1.269489e-08 
1.242904e-08 
1.217036e-08 
1.191861e-08 
1.167357e-08 
1.143503e-08 
1.120278e-08 
1.097662e-08 
1.075636e-08 
1.054182e-08 
1.033282e-08 
1.012919e-08 
9.930766e-09 
9.737385e-09 
9.548896e-09 
9.365150e-09 
9.186008e-09 
9.011328e-09 
8.840977e-09 
8.674826e-09 
8.512751e-09 
8.354631e-09 
8.200351e-09 
8.049798e-09 
7.902865e-09 
7.759447e-09 
7.619443e-09 
7.482755e-09 
7.349289e-09 
7.218954e-09 
7.091660e-09 
6.967323e-09 
6.845860e-09 
6.727192e-09 
6.611240e-09 
6.497929e-09 
6.387189e-09 
6.278947e-09 
6.173137e-09 
6.069692e-09 
5.968548e-09 
5.869645e-09 
5.772921e-09 
5.678320e-09 
5.585785e-09 
5.495261e-09 
5.406696e-09 
5.320039e-09 
5.235239e-09 
5.152250e-09 
5.071024e-09 
4.991515e-09 
4.913681e-09 
4.837477e-09 
4.762864e-09 
4.689801e-09 
4.618249e-09 
4.548170e-09 
4.479527e-09 
4.412286e-09 
4.346410e-09 
4.281867e-09 
4.218624e-09 
4.156649e-09 
4.095911e-09 
4.036381e-09 
3.978028e-09 
3.920826e-09 
3.864747e-09 
3.809763e-09 
3.755849e-09 
3.702979e-09 
3.651129e-09 
3.600275e-09 
3.550394e-09 
3.501463e-09 
3.453461e-09 
3.406364e-09 
3.360154e-09 
3.314809e-09 
3.270310e-09 
3.226638e-09 
3.183774e-09 
3.141699e-09 
3.100396e-09 
3.059848e-09 
3.020038e-09 
2.980950e-09 
2.942567e-09 
2.904874e-09 
2.867856e-09 
2.831498e-09 
2.795785e-09 
2.760705e-09 
2.726242e-09 
2.692384e-09 
2.659118e-09 
2.626432e-09 
2.594311e-09 
2.562746e-09 
2.531724e-09 
2.501233e-09 
2.471263e-09 
2.441802e-09 
2.412840e-09 
2.384366e-09 
2.356371e-09 
2.328845e-09 
2.301778e-09 
2.275160e-09 
2.248982e-09 
2.223236e-09 
2.197913e-09 
2.173003e-09 
2.148500e-09 
2.124394e-09 
2.100678e-09 
2.077344e-09 
2.054384e-09 
2.031791e-09 
2.009558e-09 
1.987678e-09 
1.966144e-09 
1.944949e-09 
1.924087e-09 
1.903550e-09 
1.883334e-09 
1.863432e-09 
1.843837e-09 
1.824544e-09 
1.805547e-09 
1.786841e-09 
1.768420e-09 
1.750279e-09 
1.732412e-09 
1.714814e-09 
1.697481e-09 
1.680407e-09 
1.663588e-09 
1.647018e-09 
1.630694e-09 
1.614610e-09 
1.598763e-09 
1.583148e-09 
1.567761e-09 
1.552598e-09 
1.537654e-09 
1.522926e-09 
1.508410e-09 
1.494102e-09 
1.479999e-09 
1.466096e-09 
1.452390e-09 
1.438879e-09 
1.425557e-09 
1.412422e-09 
1.399471e-09 
1.386701e-09 
1.374108e-09 
1.361689e-09 
1.349441e-09 
1.337362e-09 
1.325448e-09 
1.313697e-09 
1.302106e-09 
1.290671e-09 
1.279392e-09 
1.268263e-09 
1.257285e-09 
1.246453e-09 
1.235765e-09 
1.225219e-09 
1.214813e-09 
1.204544e-09 
1.194409e-09 
1.184408e-09 
1.174537e-09 
1.164794e-09 
1.155178e-09 
1.145686e-09 
1.136316e-09 
1.127066e-09 
1.117935e-09 
1.108920e-09 
1.100019e-09 
1.091231e-09 
1.082554e-09 
1.073986e-09 
1.065525e-09 
1.057170e-09 
1.048919e-09 
1.040771e-09 
1.032723e-09 
1.024774e-09 
1.016923e-09 
1.009167e-09 
1.001507e-09 
9.939396e-10 
9.864639e-10 
9.790785e-10 
9.717820e-10 
9.645730e-10 
9.574502e-10 
9.504123e-10 
9.434580e-10 
9.365860e-10 
9.297951e-10 
9.230841e-10 
9.164517e-10 
9.098968e-10 
9.034183e-10 
8.970150e-10 
8.906857e-10 
8.844294e-10 
8.782450e-10 
8.721315e-10 
8.660882e-10 
8.601138e-10 
8.542071e-10 
8.483672e-10 
8.425931e-10 
8.368839e-10 
8.312386e-10 
8.256563e-10 
8.201361e-10 
8.146772e-10 
8.092786e-10 
8.039395e-10 
7.986590e-10 
7.934364e-10 
7.882707e-10 
7.831613e-10 
7.781072e-10 
7.731078e-10 
7.681623e-10 
7.632699e-10 
7.584299e-10 
7.536415e-10 
7.489041e-10 
7.442170e-10 
7.395794e-10 
7.349907e-10 
7.304501e-10 
7.259572e-10 
7.215112e-10 
7.171114e-10 
7.127573e-10 
7.084482e-10 
7.041835e-10 
6.999627e-10 
6.957851e-10 
6.916503e-10 
6.875575e-10 
6.835062e-10 
6.794960e-10 
6.755262e-10 
6.715963e-10 
6.677058e-10 
6.638542e-10 
6.600410e-10 
6.562657e-10 
6.525277e-10 
6.488267e-10 
6.451621e-10 
6.415334e-10 
6.379402e-10 
6.343821e-10 
6.308585e-10 
6.273691e-10 
6.239135e-10 
6.204911e-10 
6.171015e-10 
6.137444e-10 
6.104194e-10 
6.071260e-10 
6.038638e-10 
6.006325e-10 
5.974317e-10 
5.942610e-10 
5.911199e-10 
5.880082e-10 
5.849256e-10 
5.818715e-10 
5.788457e-10 
5.758479e-10 
5.728776e-10 
5.699346e-10 
5.670185e-10 
5.641290e-10 
5.612658e-10 
5.584286e-10 
5.556170e-10 
5.528307e-10 
5.500695e-10 
5.473330e-10 
5.446210e-10 
5.419331e-10 
5.392691e-10 
5.366286e-10 
5.340115e-10 
5.314174e-10 
5.288460e-10 
5.262972e-10 
5.237705e-10 
5.212659e-10 
5.187830e-10 
5.163215e-10 
5.138813e-10 
5.114620e-10 
5.090634e-10 
5.066854e-10 
5.043276e-10 
5.019898e-10 
4.996718e-10 
4.973735e-10 
4.950944e-10 
4.928345e-10 
4.905935e-10 
4.883712e-10 
4.861674e-10 
4.839819e-10 
4.818145e-10 
4.796649e-10 
4.775331e-10 
4.754187e-10 
4.733216e-10 
4.712416e-10 
4.691785e-10 
4.671322e-10 
4.651023e-10 
4.630889e-10 
4.610916e-10 
4.591104e-10 
4.571449e-10 
4.551952e-10 
4.532609e-10 
4.513419e-10 
4.494381e-10 
4.475493e-10 
4.456754e-10 
4.438161e-10 
4.419713e-10 
4.401409e-10 
4.383248e-10 
4.365227e-10 
4.347345e-10 
4.329600e-10 
4.311992e-10 
4.294519e-10 
4.277179e-10 
4.259971e-10 
4.242894e-10 
4.225946e-10 
4.209126e-10 
4.192432e-10 
4.175864e-10 
4.159420e-10 
4.143099e-10 
4.126899e-10 
4.110819e-10 
4.094859e-10 
4.079016e-10 
4.063289e-10 
4.047679e-10 
4.032182e-10 
4.016799e-10 
4.001527e-10 
3.986367e-10 
3.971316e-10 
3.956373e-10 
3.941539e-10 
3.926810e-10 
3.912188e-10 
3.897669e-10 
3.883254e-10 
3.868941e-10 
3.854730e-10 
3.840619e-10 
3.826607e-10 
3.812694e-10 
3.798878e-10 
3.785158e-10 
3.771534e-10 
3.758005e-10 
3.744569e-10 
3.731226e-10 
3.717975e-10 
3.704815e-10 
3.691746e-10 
3.678765e-10 
3.665873e-10 
3.653069e-10 
3.640351e-10 
3.627719e-10 
3.615172e-10 
3.602710e-10 
3.590331e-10 
3.578035e-10 
3.565821e-10 
3.553688e-10 
3.541636e-10 
3.529663e-10 
3.517769e-10 
3.505954e-10 
3.494216e-10 
3.482555e-10 
3.470970e-10 
3.459460e-10 
3.448025e-10 
3.436664e-10 
3.425376e-10 
3.414161e-10 
3.403018e-10 
3.391946e-10 
3.380946e-10 
3.370015e-10 
3.359151e-10 
3.348356e-10 
3.337630e-10 
3.326971e-10 
3.316379e-10 
3.305853e-10 
3.295394e-10 
3.284999e-10 
3.274669e-10 
3.264404e-10 
3.254202e-10 
3.244063e-10 
3.233986e-10 
3.223971e-10 
3.214018e-10 
3.204125e-10 
3.194292e-10 
3.184520e-10 
3.174806e-10 
3.165152e-10 
3.155555e-10 
3.146017e-10 
3.136535e-10 
3.127110e-10 
3.117742e-10 
3.108429e-10 
3.099172e-10 
3.089969e-10 
3.080821e-10 
3.071726e-10 
3.062685e-10 
3.053697e-10 
3.044762e-10 
3.035879e-10 
3.027047e-10 
3.018267e-10 
3.009537e-10 
3.000858e-10 
2.992229e-10 
2.983649e-10 
