   1.52031921485e+08    1.62167382917e+09    2.53386535808e+06    1.07250000000e+01 
581 
6.323412e-04 
6.194761e-04 
6.095598e-04 
5.961722e-04 
5.832021e-04 
5.678530e-04 
5.545579e-04 
5.447594e-04 
5.343212e-04 
5.225996e-04 
5.113249e-04 
5.004736e-04 
4.890229e-04 
4.778635e-04 
4.671246e-04 
4.567848e-04 
4.468238e-04 
4.365974e-04 
4.267212e-04 
4.172019e-04 
4.080223e-04 
3.991661e-04 
3.905837e-04 
3.819127e-04 
3.735414e-04 
3.654561e-04 
3.576436e-04 
3.500917e-04 
3.427887e-04 
3.357238e-04 
3.287893e-04 
3.219377e-04 
3.153048e-04 
3.088811e-04 
3.026580e-04 
2.966270e-04 
2.907804e-04 
2.851105e-04 
2.795622e-04 
2.740810e-04 
2.687620e-04 
2.635989e-04 
2.585856e-04 
2.537164e-04 
2.489857e-04 
2.443884e-04 
2.399194e-04 
2.355740e-04 
2.313184e-04 
2.271416e-04 
2.230774e-04 
2.191213e-04 
2.152693e-04 
2.115173e-04 
2.078617e-04 
2.042988e-04 
2.008252e-04 
1.974377e-04 
1.941330e-04 
1.909082e-04 
1.877604e-04 
1.846868e-04 
1.816743e-04 
1.787300e-04 
1.758535e-04 
1.730426e-04 
1.702956e-04 
1.676104e-04 
1.649852e-04 
1.624184e-04 
1.599083e-04 
1.574533e-04 
1.550517e-04 
1.527022e-04 
1.504032e-04 
1.481534e-04 
1.459514e-04 
1.437982e-04 
1.416977e-04 
1.396409e-04 
1.376267e-04 
1.356538e-04 
1.337212e-04 
1.318277e-04 
1.299723e-04 
1.281540e-04 
1.263717e-04 
1.246246e-04 
1.229117e-04 
1.212322e-04 
1.195852e-04 
1.179698e-04 
1.163852e-04 
1.148307e-04 
1.133055e-04 
1.118090e-04 
1.103403e-04 
1.088987e-04 
1.074851e-04 
1.061015e-04 
1.047429e-04 
1.034088e-04 
1.020985e-04 
1.008115e-04 
9.954705e-05 
9.830470e-05 
9.708389e-05 
9.588409e-05 
9.470477e-05 
9.354545e-05 
9.240563e-05 
9.128486e-05 
9.018268e-05 
8.909864e-05 
8.803232e-05 
8.698330e-05 
8.595117e-05 
8.493555e-05 
8.393606e-05 
8.295231e-05 
8.198396e-05 
8.103065e-05 
8.009211e-05 
7.916803e-05 
7.825815e-05 
7.736225e-05 
7.648010e-05 
7.561147e-05 
7.475614e-05 
7.391390e-05 
7.308453e-05 
7.226785e-05 
7.146363e-05 
7.067169e-05 
6.989184e-05 
6.912388e-05 
6.836763e-05 
6.762291e-05 
6.688954e-05 
6.616735e-05 
6.545617e-05 
6.473067e-05 
6.401630e-05 
6.331282e-05 
6.262003e-05 
6.193770e-05 
6.126565e-05 
6.060365e-05 
5.995153e-05 
5.930908e-05 
5.867612e-05 
5.805247e-05 
5.743795e-05 
5.680939e-05 
5.616903e-05 
5.553810e-05 
5.491641e-05 
5.430380e-05 
5.370009e-05 
5.310513e-05 
5.251873e-05 
5.188211e-05 
5.123605e-05 
5.059946e-05 
4.997218e-05 
4.932828e-05 
4.857095e-05 
4.782503e-05 
4.694942e-05 
4.602885e-05 
4.517681e-05 
4.459335e-05 
4.422790e-05 
4.420077e-05 
4.429902e-05 
4.438799e-05 
4.437590e-05 
4.436244e-05 
4.419064e-05 
4.400247e-05 
4.381590e-05 
4.359137e-05 
4.332111e-05 
4.305382e-05 
4.278945e-05 
4.252795e-05 
4.226927e-05 
4.196343e-05 
4.165451e-05 
4.134918e-05 
4.104740e-05 
4.074911e-05 
4.045424e-05 
4.016276e-05 
3.986025e-05 
3.952535e-05 
3.919445e-05 
3.886750e-05 
3.854442e-05 
3.822517e-05 
3.784600e-05 
3.745801e-05 
3.707483e-05 
3.668054e-05 
3.625835e-05 
3.586014e-05 
3.557186e-05 
3.531058e-05 
3.518977e-05 
3.506978e-05 
3.493939e-05 
3.480629e-05 
3.467421e-05 
3.446622e-05 
3.424425e-05 
3.402460e-05 
3.381163e-05 
3.364114e-05 
3.347223e-05 
3.332254e-05 
3.321007e-05 
3.309835e-05 
3.298739e-05 
3.287090e-05 
3.271769e-05 
3.256582e-05 
3.241528e-05 
3.226603e-05 
3.211488e-05 
3.194085e-05 
3.176846e-05 
3.159768e-05 
3.142849e-05 
3.126087e-05 
3.109480e-05 
3.093026e-05 
3.076723e-05 
3.059620e-05 
3.042366e-05 
3.025260e-05 
3.008292e-05 
2.991452e-05 
2.974731e-05 
2.958119e-05 
2.941608e-05 
2.925189e-05 
2.908854e-05 
2.892594e-05 
2.876305e-05 
2.860082e-05 
2.843933e-05 
2.827860e-05 
2.811864e-05 
2.795949e-05 
2.780116e-05 
2.764367e-05 
2.748706e-05 
2.733133e-05 
2.717650e-05 
2.702260e-05 
2.687030e-05 
2.671906e-05 
2.656876e-05 
2.641941e-05 
2.627101e-05 
2.612356e-05 
2.597706e-05 
2.583152e-05 
2.568693e-05 
2.554330e-05 
2.540063e-05 
2.525892e-05 
2.511816e-05 
2.497838e-05 
2.483955e-05 
2.470208e-05 
2.456561e-05 
2.443010e-05 
2.429553e-05 
2.416191e-05 
2.402922e-05 
2.389747e-05 
2.376665e-05 
2.363675e-05 
2.350777e-05 
2.337971e-05 
2.325255e-05 
2.312631e-05 
2.300097e-05 
2.287652e-05 
2.275304e-05 
2.263054e-05 
2.250892e-05 
2.238817e-05 
2.226829e-05 
2.214927e-05 
2.203111e-05 
2.191379e-05 
2.179732e-05 
2.168169e-05 
2.156689e-05 
2.145291e-05 
2.133976e-05 
2.122742e-05 
2.111588e-05 
2.100515e-05 
2.089522e-05 
2.078608e-05 
2.067786e-05 
2.057044e-05 
2.046379e-05 
2.035790e-05 
2.025277e-05 
2.014839e-05 
2.004476e-05 
1.994188e-05 
1.983972e-05 
1.973830e-05 
1.963760e-05 
1.953762e-05 
1.943834e-05 
1.933978e-05 
1.924191e-05 
1.914474e-05 
1.904826e-05 
1.895247e-05 
1.885739e-05 
1.876297e-05 
1.866923e-05 
1.857615e-05 
1.848372e-05 
1.839195e-05 
1.830081e-05 
1.821032e-05 
1.812047e-05 
1.803124e-05 
1.794264e-05 
1.785465e-05 
1.776728e-05 
1.768052e-05 
1.759438e-05 
1.750884e-05 
1.742389e-05 
1.733953e-05 
1.725576e-05 
1.717256e-05 
1.708994e-05 
1.700789e-05 
1.692639e-05 
1.684546e-05 
1.676509e-05 
1.668526e-05 
1.660598e-05 
1.652724e-05 
1.644903e-05 
1.637136e-05 
1.629421e-05 
1.621759e-05 
1.614148e-05 
1.606589e-05 
1.599081e-05 
1.591623e-05 
1.584219e-05 
1.576869e-05 
1.569567e-05 
1.562314e-05 
1.555110e-05 
1.547953e-05 
1.540845e-05 
1.533783e-05 
1.526768e-05 
1.519800e-05 
1.512878e-05 
1.506001e-05 
1.499169e-05 
1.492383e-05 
1.485641e-05 
1.478943e-05 
1.472288e-05 
1.465677e-05 
1.459109e-05 
1.452584e-05 
1.446101e-05 
1.439660e-05 
1.433261e-05 
1.426903e-05 
1.420586e-05 
1.414309e-05 
1.408073e-05 
1.401877e-05 
1.395720e-05 
1.389602e-05 
1.383523e-05 
1.377482e-05 
1.371480e-05 
1.365516e-05 
1.359590e-05 
1.353701e-05 
1.347850e-05 
1.342035e-05 
1.336257e-05 
1.330514e-05 
1.324808e-05 
1.319138e-05 
1.313503e-05 
1.307903e-05 
1.302337e-05 
1.296807e-05 
1.291310e-05 
1.285848e-05 
1.280419e-05 
1.275024e-05 
1.269662e-05 
1.264332e-05 
1.259036e-05 
1.253772e-05 
1.248540e-05 
1.243340e-05 
1.238174e-05 
1.233040e-05 
1.227937e-05 
1.222865e-05 
1.217823e-05 
1.212812e-05 
1.207832e-05 
1.202881e-05 
1.197959e-05 
1.193068e-05 
1.188205e-05 
1.183372e-05 
1.178567e-05 
1.173791e-05 
1.169044e-05 
1.164324e-05 
1.159632e-05 
1.154969e-05 
1.150332e-05 
1.145723e-05 
1.141141e-05 
1.136586e-05 
1.132058e-05 
1.127556e-05 
1.123080e-05 
1.118631e-05 
1.114207e-05 
1.109809e-05 
1.105437e-05 
1.101090e-05 
1.096768e-05 
1.092471e-05 
1.088198e-05 
1.083951e-05 
1.079728e-05 
1.075530e-05 
1.071357e-05 
1.067207e-05 
1.063082e-05 
1.058979e-05 
1.054900e-05 
1.050844e-05 
1.046811e-05 
1.042801e-05 
1.038814e-05 
1.034849e-05 
1.030906e-05 
1.026985e-05 
1.023087e-05 
1.019210e-05 
1.015355e-05 
1.011521e-05 
1.007709e-05 
1.003917e-05 
1.000147e-05 
9.963980e-06 
9.926694e-06 
9.889614e-06 
9.852738e-06 
9.816065e-06 
9.779593e-06 
9.743321e-06 
9.707247e-06 
9.671371e-06 
9.635690e-06 
9.600203e-06 
9.564909e-06 
9.529807e-06 
9.494894e-06 
9.460171e-06 
9.425635e-06 
9.391285e-06 
9.357119e-06 
9.323138e-06 
9.289339e-06 
9.255720e-06 
9.222285e-06 
9.189038e-06 
9.155968e-06 
9.123074e-06 
9.090355e-06 
9.057809e-06 
9.025435e-06 
8.993232e-06 
8.961199e-06 
8.929334e-06 
8.897638e-06 
8.866107e-06 
8.834741e-06 
8.803540e-06 
8.772502e-06 
8.741625e-06 
8.710909e-06 
8.680352e-06 
8.649954e-06 
8.619714e-06 
8.589629e-06 
8.559700e-06 
8.529925e-06 
8.500304e-06 
8.470834e-06 
8.441516e-06 
8.412347e-06 
8.383328e-06 
8.354456e-06 
8.325732e-06 
8.297154e-06 
8.268721e-06 
8.240432e-06 
8.212287e-06 
8.184283e-06 
8.156421e-06 
8.128699e-06 
8.101117e-06 
8.073673e-06 
8.046367e-06 
8.019197e-06 
7.992163e-06 
7.965265e-06 
7.938500e-06 
7.911868e-06 
7.885369e-06 
7.859001e-06 
7.832763e-06 
7.806655e-06 
7.780679e-06 
7.754833e-06 
7.729114e-06 
7.703521e-06 
7.678054e-06 
7.652712e-06 
7.627493e-06 
7.602398e-06 
7.577425e-06 
7.552573e-06 
7.527842e-06 
7.503231e-06 
7.478740e-06 
7.454366e-06 
7.430111e-06 
7.405972e-06 
7.381949e-06 
7.358042e-06 
7.334250e-06 
7.310571e-06 
7.287006e-06 
7.263553e-06 
7.240213e-06 
7.216983e-06 
7.193863e-06 
7.170854e-06 
7.147953e-06 
7.125161e-06 
7.102477e-06 
7.079899e-06 
7.057428e-06 
7.035062e-06 
7.012802e-06 
6.990646e-06 
6.968593e-06 
6.946644e-06 
6.924797e-06 
6.903052e-06 
2.772747e-04 
2.782479e-04 
2.634492e-04 
2.496570e-04 
2.368250e-04 
2.248444e-04 
2.227527e-04 
2.117286e-04 
2.014024e-04 
1.917205e-04 
1.826343e-04 
1.740993e-04 
1.660751e-04 
1.585245e-04 
1.514137e-04 
1.447116e-04 
1.383898e-04 
1.324219e-04 
1.267840e-04 
1.214540e-04 
1.164114e-04 
1.115553e-04 
1.069582e-04 
1.026033e-04 
9.847515e-05 
9.455943e-05 
9.084290e-05 
8.731327e-05 
8.395915e-05 
8.076995e-05 
7.773584e-05 
7.484767e-05 
7.209692e-05 
6.947566e-05 
6.697649e-05 
6.459251e-05 
6.231728e-05 
6.014476e-05 
5.806934e-05 
5.608574e-05 
5.418902e-05 
5.234840e-05 
5.058773e-05 
4.890278e-05 
4.728961e-05 
4.574452e-05 
4.426401e-05 
4.284482e-05 
4.148386e-05 
4.017824e-05 
3.892522e-05 
3.772223e-05 
3.656685e-05 
3.545680e-05 
3.438990e-05 
3.336413e-05 
3.237757e-05 
3.142838e-05 
3.051486e-05 
2.963537e-05 
2.878837e-05 
2.796194e-05 
2.716585e-05 
2.639875e-05 
2.565935e-05 
2.494644e-05 
2.425887e-05 
2.359555e-05 
2.295544e-05 
2.233755e-05 
2.174096e-05 
2.116476e-05 
2.060811e-05 
2.007021e-05 
1.955028e-05 
1.904761e-05 
1.856149e-05 
1.809127e-05 
1.763630e-05 
1.719600e-05 
1.676978e-05 
1.635711e-05 
1.595745e-05 
1.557030e-05 
1.519520e-05 
1.483169e-05 
1.447932e-05 
1.413769e-05 
1.380640e-05 
1.348507e-05 
1.317333e-05 
1.287084e-05 
1.257726e-05 
1.229227e-05 
1.201557e-05 
1.174686e-05 
1.148587e-05 
1.123232e-05 
1.098596e-05 
1.074653e-05 
1.051381e-05 
1.028514e-05 
1.006285e-05 
9.846710e-06 
9.636523e-06 
9.432087e-06 
9.233212e-06 
9.039712e-06 
8.851411e-06 
8.668141e-06 
8.489736e-06 
8.316041e-06 
8.146904e-06 
7.982179e-06 
7.821728e-06 
7.665414e-06 
7.513108e-06 
7.364685e-06 
7.220025e-06 
7.079012e-06 
6.941534e-06 
6.807483e-06 
6.676755e-06 
6.549249e-06 
6.424871e-06 
6.303525e-06 
6.185122e-06 
6.069575e-06 
5.956800e-06 
5.846717e-06 
5.739247e-06 
5.634314e-06 
5.531846e-06 
5.431772e-06 
5.334025e-06 
5.238538e-06 
5.145247e-06 
5.054091e-06 
4.965011e-06 
4.877949e-06 
4.792849e-06 
4.709141e-06 
4.627309e-06 
4.547304e-06 
4.469075e-06 
4.392574e-06 
4.317755e-06 
4.244573e-06 
4.172984e-06 
4.102947e-06 
4.034419e-06 
3.967362e-06 
3.901738e-06 
3.837508e-06 
3.774637e-06 
3.713090e-06 
3.652832e-06 
3.593832e-06 
3.536057e-06 
3.479475e-06 
3.424058e-06 
3.369776e-06 
3.316600e-06 
3.264503e-06 
3.213458e-06 
3.163440e-06 
3.114424e-06 
3.066384e-06 
3.019297e-06 
2.973141e-06 
2.927892e-06 
2.883530e-06 
7.043610e-06 
6.933531e-06 
6.825639e-06 
6.719882e-06 
6.616209e-06 
6.514568e-06 
6.414914e-06 
6.317197e-06 
6.221373e-06 
6.127398e-06 
6.035228e-06 
5.944821e-06 
5.856137e-06 
5.769135e-06 
5.683777e-06 
5.600026e-06 
5.517859e-06 
5.437277e-06 
5.358193e-06 
5.280573e-06 
5.204383e-06 
5.129592e-06 
5.056169e-06 
4.984083e-06 
4.913305e-06 
4.843806e-06 
4.775558e-06 
4.708535e-06 
4.642708e-06 
4.578053e-06 
4.514544e-06 
4.452157e-06 
4.390867e-06 
4.330652e-06 
5.871269e-06 
5.797104e-06 
5.724151e-06 
5.652384e-06 
5.581780e-06 
5.512316e-06 
5.443924e-06 
5.376591e-06 
5.310333e-06 
5.245131e-06 
5.180964e-06 
5.117811e-06 
5.827251e-06 
5.753731e-06 
5.681400e-06 
5.610233e-06 
5.540208e-06 
5.471302e-06 
5.403493e-06 
5.336761e-06 
5.271084e-06 
5.206443e-06 
5.142816e-06 
5.080186e-06 
5.018533e-06 
4.957838e-06 
4.898083e-06 
4.839251e-06 
4.781324e-06 
4.724285e-06 
4.668118e-06 
4.612807e-06 
4.558335e-06 
4.504687e-06 
4.451848e-06 
4.399469e-06 
4.347879e-06 
4.297062e-06 
4.247006e-06 
4.197696e-06 
4.149118e-06 
4.101260e-06 
4.054108e-06 
4.007650e-06 
3.961873e-06 
3.916765e-06 
3.872315e-06 
3.828510e-06 
3.785340e-06 
3.742792e-06 
3.700857e-06 
3.659523e-06 
3.618780e-06 
3.578618e-06 
3.539026e-06 
3.499995e-06 
3.461515e-06 
3.423577e-06 
3.386171e-06 
3.349288e-06 
3.312920e-06 
3.277057e-06 
3.241691e-06 
3.206814e-06 
3.172418e-06 
3.138493e-06 
3.105034e-06 
3.072031e-06 
3.039478e-06 
3.007366e-06 
2.975689e-06 
2.944439e-06 
2.913609e-06 
2.883193e-06 
2.853183e-06 
2.823574e-06 
2.794358e-06 
2.765529e-06 
2.737082e-06 
2.709009e-06 
2.681305e-06 
2.653964e-06 
2.626980e-06 
2.600348e-06 
2.574062e-06 
2.548116e-06 
2.522505e-06 
2.497224e-06 
2.472268e-06 
2.447631e-06 
2.423309e-06 
2.399296e-06 
2.375589e-06 
2.352182e-06 
2.329070e-06 
2.306249e-06 
2.283715e-06 
2.261463e-06 
2.239489e-06 
2.217789e-06 
2.196358e-06 
2.175193e-06 
2.154289e-06 
2.133643e-06 
2.113250e-06 
2.093107e-06 
2.073210e-06 
2.053556e-06 
2.034141e-06 
2.014961e-06 
1.996013e-06 
1.977293e-06 
1.958799e-06 
1.940526e-06 
1.922472e-06 
1.904633e-06 
1.887007e-06 
1.869590e-06 
1.852379e-06 
1.835371e-06 
1.818563e-06 
1.801953e-06 
1.785538e-06 
1.769314e-06 
1.753280e-06 
1.737431e-06 
1.721767e-06 
1.706284e-06 
1.690979e-06 
1.675851e-06 
1.660896e-06 
1.646112e-06 
1.631497e-06 
1.617049e-06 
1.602765e-06 
1.588378e-06 
1.574156e-06 
1.560096e-06 
1.546197e-06 
1.532456e-06 
1.518872e-06 
1.505441e-06 
1.492162e-06 
1.479033e-06 
1.466052e-06 
1.453216e-06 
1.440524e-06 
1.427974e-06 
1.415564e-06 
1.403291e-06 
1.391155e-06 
1.379152e-06 
1.367283e-06 
1.355543e-06 
1.343933e-06 
1.332450e-06 
1.321092e-06 
1.309859e-06 
1.298747e-06 
1.287756e-06 
1.276884e-06 
1.266129e-06 
1.255490e-06 
1.244966e-06 
1.234554e-06 
1.224254e-06 
1.214064e-06 
1.203982e-06 
1.194007e-06 
1.184138e-06 
1.174373e-06 
1.164712e-06 
1.155152e-06 
1.145692e-06 
1.136332e-06 
1.127069e-06 
1.117904e-06 
1.108833e-06 
1.099857e-06 
1.090973e-06 
1.082182e-06 
1.073481e-06 
1.064869e-06 
1.056346e-06 
1.047911e-06 
1.039561e-06 
1.031297e-06 
1.023117e-06 
1.015019e-06 
1.007004e-06 
9.990700e-07 
9.912158e-07 
9.834407e-07 
9.757436e-07 
9.681237e-07 
9.605799e-07 
9.531114e-07 
9.457172e-07 
9.383964e-07 
9.311482e-07 
9.239717e-07 
9.168660e-07 
9.098302e-07 
9.028636e-07 
8.959652e-07 
8.891344e-07 
8.823702e-07 
8.756719e-07 
8.690388e-07 
8.624699e-07 
8.559647e-07 
8.495223e-07 
8.431420e-07 
8.368230e-07 
8.305647e-07 
8.243663e-07 
8.182272e-07 
8.121466e-07 
8.061239e-07 
8.001584e-07 
7.942494e-07 
7.883963e-07 
7.825985e-07 
7.768553e-07 
7.711661e-07 
7.655302e-07 
7.599471e-07 
7.544162e-07 
7.489368e-07 
7.435084e-07 
7.381304e-07 
7.328023e-07 
7.275234e-07 
7.222932e-07 
7.171112e-07 
7.119769e-07 
7.068896e-07 
7.018489e-07 
6.968543e-07 
6.919052e-07 
6.870012e-07 
6.821416e-07 
6.773262e-07 
6.725543e-07 
6.678254e-07 
6.631392e-07 
6.584951e-07 
6.538927e-07 
6.493316e-07 
6.448112e-07 
6.403311e-07 
6.358909e-07 
6.314902e-07 
6.271285e-07 
6.228055e-07 
6.185206e-07 
6.142735e-07 
6.100638e-07 
6.058910e-07 
6.017549e-07 
5.976550e-07 
5.935908e-07 
5.895621e-07 
5.855684e-07 
5.816095e-07 
5.776848e-07 
5.737941e-07 
5.699369e-07 
5.661131e-07 
5.623221e-07 
5.585636e-07 
5.548374e-07 
5.511430e-07 
5.474802e-07 
5.438486e-07 
5.402479e-07 
5.366777e-07 
5.331378e-07 
5.296279e-07 
5.261476e-07 
5.226966e-07 
5.192746e-07 
5.158814e-07 
5.125166e-07 
5.091799e-07 
5.058711e-07 
5.025899e-07 
4.993359e-07 
4.961090e-07 
4.929089e-07 
4.897352e-07 
4.865877e-07 
4.834662e-07 
4.803703e-07 
4.772999e-07 
4.742547e-07 
4.712344e-07 
4.682387e-07 
4.652675e-07 
4.623205e-07 
4.593974e-07 
4.564980e-07 
4.536221e-07 
4.507695e-07 
4.479398e-07 
4.451330e-07 
4.423487e-07 
4.395867e-07 
4.368469e-07 
4.341290e-07 
4.314328e-07 
4.287581e-07 
4.261046e-07 
4.234723e-07 
4.208608e-07 
4.182699e-07 
4.156995e-07 
4.131494e-07 
4.106194e-07 
4.081093e-07 
4.056188e-07 
4.031479e-07 
4.006962e-07 
3.982637e-07 
3.958502e-07 
3.934554e-07 
3.910792e-07 
3.887215e-07 
3.863819e-07 
3.840605e-07 
3.817569e-07 
3.794711e-07 
3.772029e-07 
3.749521e-07 
3.727185e-07 
3.704728e-07 
3.682436e-07 
3.660316e-07 
3.638366e-07 
3.616584e-07 
3.594970e-07 
3.573521e-07 
3.552235e-07 
3.531113e-07 
3.510151e-07 
3.489348e-07 
3.468703e-07 
3.448215e-07 
3.427881e-07 
3.407701e-07 
3.387673e-07 
3.367796e-07 
3.348069e-07 
3.328489e-07 
3.309056e-07 
3.289769e-07 
3.270625e-07 
3.251624e-07 
3.232764e-07 
3.214045e-07 
3.195464e-07 
3.177021e-07 
3.158714e-07 
3.140543e-07 
3.122505e-07 
3.104600e-07 
3.086827e-07 
3.069184e-07 
3.051670e-07 
3.034284e-07 
3.017025e-07 
2.999892e-07 
2.982884e-07 
2.965999e-07 
2.949236e-07 
