   1.52031921485e+08    1.62167382917e+09    2.53386535808e+06    1.16500000000e+00 
581 
1.084501e-04 
1.051018e-04 
1.018950e-04 
9.881921e-05 
9.587095e-05 
9.304470e-05 
9.033588e-05 
8.773720e-05 
8.524338e-05 
8.284964e-05 
8.055324e-05 
7.834711e-05 
7.622678e-05 
7.418806e-05 
7.222704e-05 
7.034002e-05 
6.852446e-05 
6.677669e-05 
6.509288e-05 
6.347003e-05 
6.190533e-05 
6.039613e-05 
5.893993e-05 
5.753471e-05 
5.617906e-05 
5.486959e-05 
5.360426e-05 
5.238116e-05 
5.119846e-05 
5.005444e-05 
4.894748e-05 
4.787604e-05 
4.683864e-05 
4.583392e-05 
4.486056e-05 
4.391857e-05 
4.300577e-05 
4.212065e-05 
4.126211e-05 
4.042913e-05 
3.962070e-05 
3.883590e-05 
3.807382e-05 
3.733361e-05 
3.661446e-05 
3.591560e-05 
3.523627e-05 
3.457579e-05 
3.393390e-05 
3.330975e-05 
3.270247e-05 
3.211146e-05 
3.153614e-05 
3.097598e-05 
3.043046e-05 
2.989906e-05 
2.938132e-05 
2.887678e-05 
2.838500e-05 
2.790555e-05 
2.743804e-05 
2.698208e-05 
2.653752e-05 
2.610382e-05 
2.568059e-05 
2.526750e-05 
2.486421e-05 
2.447044e-05 
2.408588e-05 
2.371025e-05 
2.334327e-05 
2.298470e-05 
2.263427e-05 
2.229174e-05 
2.195688e-05 
2.162947e-05 
2.130928e-05 
2.099615e-05 
2.068995e-05 
2.039037e-05 
2.009722e-05 
1.981031e-05 
1.952947e-05 
1.925454e-05 
1.898535e-05 
1.872173e-05 
1.846355e-05 
1.821064e-05 
1.796288e-05 
1.772012e-05 
1.748222e-05 
1.724907e-05 
1.702053e-05 
1.679648e-05 
1.657682e-05 
1.636142e-05 
1.615019e-05 
1.594301e-05 
1.573978e-05 
1.554040e-05 
1.534477e-05 
1.515280e-05 
1.496440e-05 
1.477948e-05 
1.459796e-05 
1.441975e-05 
1.424477e-05 
1.407296e-05 
1.390422e-05 
1.373850e-05 
1.357571e-05 
1.341579e-05 
1.325868e-05 
1.310430e-05 
1.295260e-05 
1.280354e-05 
1.265703e-05 
1.251302e-05 
1.237145e-05 
1.223227e-05 
1.209542e-05 
1.196084e-05 
1.182850e-05 
1.169834e-05 
1.157031e-05 
1.144437e-05 
1.132047e-05 
1.119857e-05 
1.107862e-05 
1.096059e-05 
1.084443e-05 
1.073011e-05 
1.061759e-05 
1.050682e-05 
1.039777e-05 
1.029042e-05 
1.018471e-05 
1.008063e-05 
9.978125e-06 
9.877180e-06 
9.777756e-06 
9.679826e-06 
9.583358e-06 
9.488324e-06 
9.394695e-06 
9.302445e-06 
9.211546e-06 
9.121972e-06 
9.033697e-06 
8.946696e-06 
8.860946e-06 
8.776421e-06 
8.693100e-06 
8.610959e-06 
8.529976e-06 
8.450130e-06 
8.371399e-06 
8.293762e-06 
8.217200e-06 
8.141693e-06 
8.067222e-06 
7.993765e-06 
7.921305e-06 
7.849825e-06 
7.779308e-06 
7.709737e-06 
7.641094e-06 
7.573364e-06 
7.506530e-06 
7.440577e-06 
7.375489e-06 
7.311251e-06 
7.247848e-06 
7.185267e-06 
7.123492e-06 
7.062510e-06 
7.002308e-06 
6.942873e-06 
6.884191e-06 
6.826249e-06 
6.769036e-06 
6.712539e-06 
6.656747e-06 
6.601647e-06 
6.547228e-06 
6.493480e-06 
6.440391e-06 
6.387950e-06 
6.336146e-06 
6.284971e-06 
6.234413e-06 
6.184463e-06 
6.135110e-06 
6.086346e-06 
6.038161e-06 
5.990547e-06 
5.943493e-06 
5.896991e-06 
5.851034e-06 
5.805611e-06 
5.760716e-06 
5.716339e-06 
5.672473e-06 
5.629111e-06 
5.586244e-06 
5.543864e-06 
5.501966e-06 
5.460540e-06 
5.419581e-06 
5.379081e-06 
5.339034e-06 
5.299432e-06 
5.260269e-06 
5.221539e-06 
5.183235e-06 
5.145352e-06 
5.107882e-06 
5.070818e-06 
5.034155e-06 
4.997888e-06 
4.962012e-06 
4.926521e-06 
4.891409e-06 
4.856672e-06 
4.822303e-06 
4.788298e-06 
4.754652e-06 
4.721359e-06 
4.688415e-06 
4.655814e-06 
4.623552e-06 
4.591625e-06 
4.560028e-06 
4.528755e-06 
4.497803e-06 
4.467168e-06 
4.436845e-06 
4.406829e-06 
4.377118e-06 
4.347706e-06 
4.318589e-06 
4.289764e-06 
4.261227e-06 
4.232974e-06 
4.205001e-06 
4.177304e-06 
4.149881e-06 
4.122726e-06 
4.095838e-06 
4.069212e-06 
4.042844e-06 
4.016731e-06 
3.990871e-06 
3.965260e-06 
3.939895e-06 
3.914772e-06 
3.889890e-06 
3.865243e-06 
3.840831e-06 
3.816649e-06 
3.792695e-06 
3.768965e-06 
3.745458e-06 
3.722170e-06 
3.699099e-06 
3.676242e-06 
3.653596e-06 
3.631159e-06 
3.608928e-06 
3.586901e-06 
3.565074e-06 
3.543447e-06 
3.522016e-06 
3.500779e-06 
3.479733e-06 
3.458877e-06 
3.438208e-06 
3.417723e-06 
3.397422e-06 
3.377301e-06 
3.357358e-06 
3.337591e-06 
3.317998e-06 
3.298578e-06 
3.279328e-06 
3.260245e-06 
3.241329e-06 
3.222575e-06 
3.203984e-06 
3.185554e-06 
3.167282e-06 
3.149167e-06 
3.131207e-06 
3.113400e-06 
3.095745e-06 
3.078240e-06 
3.060883e-06 
3.043672e-06 
3.026606e-06 
3.009684e-06 
2.992903e-06 
2.976262e-06 
2.959759e-06 
2.943394e-06 
2.927164e-06 
2.911068e-06 
2.895104e-06 
2.879271e-06 
2.863568e-06 
2.847994e-06 
2.832546e-06 
2.817223e-06 
2.802025e-06 
2.786949e-06 
2.771994e-06 
2.757160e-06 
2.742445e-06 
2.727847e-06 
2.713365e-06 
2.698999e-06 
2.684746e-06 
2.670606e-06 
2.656578e-06 
2.642660e-06 
2.628851e-06 
2.615150e-06 
2.601555e-06 
2.588066e-06 
2.574682e-06 
2.561402e-06 
2.548224e-06 
2.535148e-06 
2.522172e-06 
2.509295e-06 
2.496517e-06 
2.483837e-06 
2.471252e-06 
2.458764e-06 
2.446369e-06 
2.434069e-06 
2.421861e-06 
2.409744e-06 
2.397718e-06 
2.385782e-06 
2.373936e-06 
2.362177e-06 
2.350505e-06 
2.338920e-06 
2.327420e-06 
2.316005e-06 
2.304674e-06 
2.293425e-06 
2.282259e-06 
2.271175e-06 
2.260171e-06 
2.249246e-06 
2.238401e-06 
2.227634e-06 
2.216945e-06 
2.206333e-06 
2.195796e-06 
2.185335e-06 
2.174949e-06 
2.164636e-06 
2.154397e-06 
2.144230e-06 
2.134135e-06 
2.124111e-06 
2.114158e-06 
2.104274e-06 
2.094460e-06 
2.084713e-06 
2.075035e-06 
2.065424e-06 
2.055879e-06 
2.046400e-06 
2.036987e-06 
2.027639e-06 
2.018355e-06 
2.009135e-06 
1.999977e-06 
1.990883e-06 
1.981850e-06 
1.972878e-06 
1.963968e-06 
1.955117e-06 
1.946327e-06 
1.937595e-06 
1.928922e-06 
1.920308e-06 
1.911751e-06 
1.903251e-06 
1.894807e-06 
1.886420e-06 
1.878089e-06 
1.869812e-06 
1.861590e-06 
1.853422e-06 
1.845308e-06 
1.837247e-06 
1.829239e-06 
1.821283e-06 
1.813379e-06 
1.805526e-06 
1.797725e-06 
1.789973e-06 
1.782272e-06 
1.774621e-06 
1.767018e-06 
1.759464e-06 
1.751959e-06 
1.744502e-06 
1.737092e-06 
1.729729e-06 
1.722414e-06 
1.715144e-06 
1.707920e-06 
1.700742e-06 
1.693609e-06 
1.686521e-06 
1.679477e-06 
1.672478e-06 
1.665521e-06 
1.658609e-06 
1.651739e-06 
1.644912e-06 
1.638127e-06 
1.631384e-06 
1.624682e-06 
1.618022e-06 
1.611403e-06 
1.604824e-06 
1.598286e-06 
1.591787e-06 
1.585328e-06 
1.578908e-06 
1.572527e-06 
1.566185e-06 
1.559881e-06 
1.553615e-06 
1.547387e-06 
1.541196e-06 
1.535043e-06 
1.528926e-06 
1.522846e-06 
1.516801e-06 
1.510793e-06 
1.504821e-06 
1.498883e-06 
1.492981e-06 
1.487114e-06 
1.481281e-06 
1.475483e-06 
1.469718e-06 
1.463988e-06 
1.458290e-06 
1.452626e-06 
1.446995e-06 
1.441397e-06 
1.435831e-06 
1.430297e-06 
1.424795e-06 
1.419325e-06 
1.413886e-06 
1.408479e-06 
1.403102e-06 
1.397757e-06 
1.392442e-06 
1.387157e-06 
1.381902e-06 
1.376677e-06 
1.371481e-06 
1.366315e-06 
1.361178e-06 
1.356070e-06 
1.350991e-06 
1.345940e-06 
1.340917e-06 
1.335922e-06 
1.330955e-06 
1.326016e-06 
1.321104e-06 
1.316220e-06 
1.311362e-06 
1.306532e-06 
1.301728e-06 
1.296950e-06 
1.292199e-06 
1.287474e-06 
1.282775e-06 
1.278101e-06 
1.273453e-06 
1.268831e-06 
1.264233e-06 
1.259660e-06 
1.255113e-06 
1.250589e-06 
1.246091e-06 
1.241616e-06 
1.237166e-06 
1.232739e-06 
1.228336e-06 
1.223957e-06 
1.219601e-06 
1.215268e-06 
1.210959e-06 
1.206672e-06 
1.202408e-06 
1.198166e-06 
1.193947e-06 
1.189751e-06 
1.185576e-06 
1.181423e-06 
1.177292e-06 
1.173183e-06 
1.169095e-06 
1.165029e-06 
1.160984e-06 
1.156959e-06 
1.152956e-06 
1.148973e-06 
1.145012e-06 
1.141070e-06 
1.137149e-06 
1.133248e-06 
1.129367e-06 
1.125506e-06 
1.121665e-06 
1.117843e-06 
1.114041e-06 
1.110258e-06 
1.106495e-06 
1.102751e-06 
1.099025e-06 
1.095319e-06 
1.091631e-06 
1.087962e-06 
1.084311e-06 
1.080679e-06 
1.077064e-06 
1.073468e-06 
1.069890e-06 
1.066330e-06 
1.062787e-06 
1.059263e-06 
1.055755e-06 
1.052265e-06 
1.048793e-06 
1.045337e-06 
1.041899e-06 
1.038477e-06 
1.035073e-06 
1.031685e-06 
1.028313e-06 
1.024959e-06 
1.021620e-06 
1.018298e-06 
1.014992e-06 
1.011702e-06 
1.008428e-06 
1.005170e-06 
1.001928e-06 
9.987017e-07 
9.954908e-07 
9.922952e-07 
9.891151e-07 
9.859502e-07 
9.828005e-07 
9.796659e-07 
9.765463e-07 
9.734415e-07 
9.703516e-07 
9.672763e-07 
9.642156e-07 
9.611695e-07 
9.581377e-07 
9.551203e-07 
9.521172e-07 
9.491282e-07 
9.461532e-07 
9.431922e-07 
1.499493e-05 
1.408847e-05 
1.325516e-05 
1.248739e-05 
1.177847e-05 
1.112257e-05 
1.051454e-05 
9.949843e-06 
9.424478e-06 
8.934885e-06 
8.477903e-06 
8.050713e-06 
7.650798e-06 
7.275901e-06 
6.923997e-06 
6.593266e-06 
6.282064e-06 
5.988907e-06 
5.712453e-06 
5.451482e-06 
5.204886e-06 
4.971676e-06 
4.751013e-06 
4.542135e-06 
4.344330e-06 
4.156933e-06 
3.979321e-06 
3.810914e-06 
3.651168e-06 
3.499574e-06 
3.355659e-06 
3.218976e-06 
3.089110e-06 
2.965670e-06 
2.848293e-06 
2.736634e-06 
2.630373e-06 
2.529211e-06 
2.432864e-06 
2.341067e-06 
2.253573e-06 
2.170147e-06 
2.090562e-06 
2.014606e-06 
1.942081e-06 
1.872800e-06 
1.806590e-06 
1.743286e-06 
1.682736e-06 
1.624796e-06 
1.569331e-06 
1.516214e-06 
1.465326e-06 
1.416554e-06 
1.369794e-06 
1.324946e-06 
1.281916e-06 
1.240615e-06 
1.200961e-06 
1.162874e-06 
1.126281e-06 
1.091112e-06 
1.057301e-06 
1.024784e-06 
9.935044e-07 
9.634049e-07 
9.344328e-07 
9.065380e-07 
8.796728e-07 
8.537922e-07 
8.288531e-07 
8.048150e-07 
7.816390e-07 
7.592884e-07 
7.377284e-07 
7.169256e-07 
6.968484e-07 
6.774667e-07 
6.587520e-07 
6.406768e-07 
6.232152e-07 
6.063425e-07 
5.900350e-07 
5.742703e-07 
5.590267e-07 
5.442839e-07 
5.300223e-07 
5.162231e-07 
5.028687e-07 
4.899418e-07 
4.774263e-07 
4.653065e-07 
4.535676e-07 
4.421954e-07 
4.311761e-07 
4.204969e-07 
4.101451e-07 
4.001089e-07 
3.903768e-07 
3.809379e-07 
3.717816e-07 
3.628977e-07 
3.542767e-07 
3.459094e-07 
3.377869e-07 
3.299007e-07 
3.222427e-07 
3.148048e-07 
3.075798e-07 
3.005602e-07 
2.937391e-07 
2.871100e-07 
2.806663e-07 
2.744018e-07 
2.683107e-07 
2.623873e-07 
2.566260e-07 
2.510215e-07 
2.455689e-07 
2.402632e-07 
2.350996e-07 
2.300737e-07 
2.251811e-07 
2.204176e-07 
2.157791e-07 
2.112618e-07 
2.068618e-07 
2.025755e-07 
1.983995e-07 
1.943303e-07 
1.903648e-07 
1.864997e-07 
1.827320e-07 
1.790589e-07 
1.754775e-07 
1.719850e-07 
1.685788e-07 
1.652565e-07 
1.620155e-07 
1.588534e-07 
1.557681e-07 
1.527572e-07 
1.498187e-07 
1.469505e-07 
1.441504e-07 
1.414167e-07 
1.387474e-07 
1.361408e-07 
1.335950e-07 
1.311084e-07 
1.286793e-07 
1.263062e-07 
1.239875e-07 
1.217217e-07 
1.195074e-07 
1.173432e-07 
1.152277e-07 
1.131596e-07 
1.111378e-07 
1.091608e-07 
1.072276e-07 
1.053369e-07 
1.034878e-07 
1.016790e-07 
9.990950e-08 
9.817835e-08 
9.648452e-08 
9.482705e-08 
9.320500e-08 
9.161749e-08 
9.006362e-08 
8.854256e-08 
8.705346e-08 
8.559554e-08 
8.416801e-08 
8.277012e-08 
8.140113e-08 
8.006033e-08 
7.874703e-08 
7.746055e-08 
7.620025e-08 
7.496548e-08 
7.375563e-08 
7.257009e-08 
7.140830e-08 
7.026967e-08 
6.915366e-08 
6.805974e-08 
6.698737e-08 
6.593605e-08 
6.490530e-08 
6.389463e-08 
6.290357e-08 
6.193167e-08 
6.097849e-08 
6.004359e-08 
5.912657e-08 
5.822700e-08 
5.734450e-08 
5.647868e-08 
5.562916e-08 
5.479558e-08 
5.397758e-08 
5.317481e-08 
5.238693e-08 
5.161361e-08 
5.085454e-08 
5.010940e-08 
4.937788e-08 
4.865969e-08 
4.795454e-08 
4.726214e-08 
4.658222e-08 
4.591451e-08 
4.525875e-08 
4.461469e-08 
4.398207e-08 
4.336066e-08 
4.275020e-08 
4.215049e-08 
4.156128e-08 
4.098237e-08 
4.041353e-08 
3.985455e-08 
3.930524e-08 
3.876539e-08 
3.823480e-08 
3.771330e-08 
3.720069e-08 
3.669678e-08 
3.620142e-08 
3.571441e-08 
3.523560e-08 
3.476482e-08 
3.430191e-08 
3.384671e-08 
3.339906e-08 
3.295883e-08 
3.252585e-08 
3.210000e-08 
3.168112e-08 
3.126908e-08 
3.086375e-08 
3.046500e-08 
3.007270e-08 
2.968673e-08 
2.930697e-08 
2.893329e-08 
2.856558e-08 
2.820372e-08 
2.784761e-08 
2.749714e-08 
2.715220e-08 
2.681268e-08 
2.647849e-08 
2.614952e-08 
2.582568e-08 
2.550687e-08 
2.519300e-08 
2.488398e-08 
2.457971e-08 
2.428011e-08 
2.398510e-08 
2.369459e-08 
2.340850e-08 
2.312675e-08 
2.284925e-08 
2.257594e-08 
2.230674e-08 
2.204157e-08 
2.178037e-08 
2.152306e-08 
2.126957e-08 
2.101983e-08 
2.077378e-08 
2.053136e-08 
2.029249e-08 
2.005712e-08 
1.982519e-08 
1.959663e-08 
1.937139e-08 
1.914941e-08 
1.893063e-08 
1.871501e-08 
1.850247e-08 
1.829298e-08 
1.808647e-08 
1.788291e-08 
1.768223e-08 
1.748439e-08 
1.728934e-08 
1.709704e-08 
1.690744e-08 
1.672049e-08 
1.653614e-08 
1.635436e-08 
1.617511e-08 
1.599833e-08 
1.582400e-08 
1.565206e-08 
1.548248e-08 
1.531523e-08 
1.515025e-08 
1.498753e-08 
1.482701e-08 
1.466866e-08 
1.451246e-08 
1.435836e-08 
1.420632e-08 
1.405633e-08 
1.390834e-08 
1.376232e-08 
1.361824e-08 
1.347607e-08 
1.333578e-08 
1.319734e-08 
1.306072e-08 
1.292590e-08 
1.279283e-08 
1.266150e-08 
1.253189e-08 
1.240395e-08 
1.227767e-08 
1.215302e-08 
1.202998e-08 
1.190852e-08 
1.178861e-08 
1.167024e-08 
1.155338e-08 
1.143800e-08 
1.132409e-08 
1.121161e-08 
1.110056e-08 
1.099091e-08 
1.088263e-08 
1.077571e-08 
1.067012e-08 
1.056585e-08 
1.046288e-08 
1.036118e-08 
1.026074e-08 
1.016155e-08 
1.006358e-08 
9.966818e-09 
9.871236e-09 
9.776822e-09 
9.683559e-09 
9.591430e-09 
9.500418e-09 
9.410507e-09 
9.321682e-09 
9.233925e-09 
9.147222e-09 
9.061559e-09 
8.976918e-09 
8.893287e-09 
8.810651e-09 
8.728995e-09 
8.648305e-09 
8.568569e-09 
8.489771e-09 
8.411900e-09 
8.334941e-09 
8.258883e-09 
8.183711e-09 
8.109415e-09 
8.035982e-09 
7.963399e-09 
7.891656e-09 
7.820739e-09 
7.750638e-09 
7.681342e-09 
7.612840e-09 
7.545119e-09 
7.478171e-09 
7.411984e-09 
7.346548e-09 
7.281852e-09 
7.217887e-09 
7.154642e-09 
7.092108e-09 
7.030276e-09 
6.969135e-09 
6.908677e-09 
6.848892e-09 
6.789772e-09 
6.731307e-09 
6.673489e-09 
6.616309e-09 
6.559758e-09 
6.503829e-09 
6.448513e-09 
6.393803e-09 
6.339689e-09 
6.286164e-09 
6.233222e-09 
6.180853e-09 
6.129050e-09 
6.077807e-09 
6.027115e-09 
5.976969e-09 
5.927359e-09 
5.878281e-09 
5.829727e-09 
5.781689e-09 
5.734162e-09 
5.687140e-09 
5.640615e-09 
5.594581e-09 
5.549032e-09 
5.503962e-09 
5.459365e-09 
5.415234e-09 
5.371565e-09 
5.328351e-09 
5.285586e-09 
5.243265e-09 
5.201382e-09 
5.159933e-09 
5.118910e-09 
5.078310e-09 
5.038127e-09 
4.998355e-09 
4.958990e-09 
4.920027e-09 
4.881460e-09 
4.843286e-09 
4.805498e-09 
4.768093e-09 
4.731066e-09 
4.694411e-09 
4.658125e-09 
4.622204e-09 
4.586641e-09 
4.551435e-09 
4.516579e-09 
4.482070e-09 
4.447904e-09 
4.414077e-09 
4.380584e-09 
4.347422e-09 
4.314586e-09 
4.282073e-09 
4.249879e-09 
4.218001e-09 
4.186433e-09 
4.155174e-09 
4.124218e-09 
4.093564e-09 
4.063206e-09 
4.033142e-09 
4.003368e-09 
3.973881e-09 
3.944677e-09 
3.915754e-09 
3.887107e-09 
3.858734e-09 
3.830632e-09 
3.802798e-09 
3.775227e-09 
3.747918e-09 
3.720868e-09 
3.694073e-09 
3.667530e-09 
3.641237e-09 
3.615191e-09 
3.589389e-09 
3.563828e-09 
3.538506e-09 
3.513420e-09 
3.488567e-09 
3.463944e-09 
3.439549e-09 
3.415380e-09 
3.391434e-09 
3.367708e-09 
3.344200e-09 
3.320908e-09 
3.297829e-09 
3.274961e-09 
3.252302e-09 
3.229848e-09 
3.207599e-09 
3.185551e-09 
3.163703e-09 
3.142052e-09 
3.120596e-09 
3.099333e-09 
3.078262e-09 
3.057379e-09 
3.036683e-09 
3.016171e-09 
2.995843e-09 
2.975695e-09 
2.955726e-09 
2.935935e-09 
2.916318e-09 
2.896874e-09 
2.877602e-09 
2.858500e-09 
2.839565e-09 
2.820796e-09 
2.802191e-09 
2.783749e-09 
2.765467e-09 
2.747345e-09 
2.729379e-09 
2.711570e-09 
2.693915e-09 
2.676412e-09 
2.659060e-09 
2.641857e-09 
2.624802e-09 
2.607893e-09 
2.591129e-09 
2.574508e-09 
2.558029e-09 
2.541690e-09 
2.525489e-09 
2.509426e-09 
2.493500e-09 
2.477707e-09 
2.462048e-09 
2.446521e-09 
2.431124e-09 
2.415856e-09 
2.400717e-09 
2.385703e-09 
2.370815e-09 
2.356051e-09 
2.341410e-09 
2.326890e-09 
2.312491e-09 
2.298210e-09 
2.284048e-09 
2.270002e-09 
2.256072e-09 
2.242256e-09 
2.228553e-09 
2.214963e-09 
2.201483e-09 
2.188110e-09 
2.174845e-09 
2.161688e-09 
2.148638e-09 
2.135694e-09 
2.122854e-09 
2.110118e-09 
2.097485e-09 
2.084953e-09 
2.072522e-09 
2.060190e-09 
2.047958e-09 
2.035822e-09 
2.023784e-09 
2.011841e-09 
1.999994e-09 
1.988240e-09 
1.976580e-09 
1.965011e-09 
1.953534e-09 
1.942148e-09 
1.930851e-09 
1.919642e-09 
1.908522e-09 
1.897488e-09 
1.886541e-09 
1.875679e-09 
1.864902e-09 
1.854208e-09 
1.843598e-09 
1.833070e-09 
1.822623e-09 
1.812257e-09 
1.801970e-09 
1.791763e-09 
1.781634e-09 
1.771583e-09 
1.761609e-09 
1.751711e-09 
1.741889e-09 
