0 1.759399e+09 3.135416e-08 
14 14 1.000000e+00 
(   4.00000000000e+00,  -7.34788079488e-16 ) 
(   4.00000000000e+00,   7.34788079488e-16 ) 
(  -1.46957615898e-15,  -4.00000000000e+00 ) 
(  -1.46957615898e-15,   4.00000000000e+00 ) 
1.524328e+01 -3.651642e+01 4.386357e+01  
1.524328e+01 -3.651642e+01 4.386357e+01  
581 
   3.00000000000e+03    1.71071354729e-01    1.95505810506e+00 
    1.71071354729e-01    1.95505810506e+00 
   3.05000000000e+03    1.95155213091e-01    1.90294651036e+00 
    1.95155213091e-01    1.90294651036e+00 
   3.10000000000e+03    2.16958083529e-01    1.85271098982e+00 
    2.16958083529e-01    1.85271098982e+00 
   3.15000000000e+03    2.36159451363e-01    1.80422364381e+00 
    2.36159451363e-01    1.80422364381e+00 
   3.20000000000e+03    2.53363712865e-01    1.75745670681e+00 
    2.53363712865e-01    1.75745670681e+00 
   3.25000000000e+03    2.68841718231e-01    1.71240386745e+00 
    2.68841718231e-01    1.71240386745e+00 
   3.30000000000e+03    2.82969287659e-01    1.66922258182e+00 
    2.82969287659e-01    1.66922258182e+00 
   3.35000000000e+03    2.95645110994e-01    1.62763432879e+00 
    2.95645110994e-01    1.62763432879e+00 
   3.40000000000e+03    3.07009042116e-01    1.58757794299e+00 
    3.07009042116e-01    1.58757794299e+00 
   3.45000000000e+03    3.17236166554e-01    1.54902056407e+00 
    3.17236166554e-01    1.54902056407e+00 
   3.50000000000e+03    3.26808662609e-01    1.51218863663e+00 
    3.26808662609e-01    1.51218863663e+00 
   3.55000000000e+03    3.35407303883e-01    1.47670444375e+00 
    3.35407303883e-01    1.47670444375e+00 
   3.60000000000e+03    3.43096612334e-01    1.44250623184e+00 
    3.43096612334e-01    1.44250623184e+00 
   3.65000000000e+03    3.49941109917e-01    1.40953224736e+00 
    3.49941109917e-01    1.40953224736e+00 
   3.70000000000e+03    3.56005318588e-01    1.37772073672e+00 
    3.56005318588e-01    1.37772073672e+00 
   3.75000000000e+03    3.61353760302e-01    1.34700994636e+00 
    3.61353760302e-01    1.34700994636e+00 
   3.80000000000e+03    3.66240905927e-01    1.31690913729e+00 
    3.66240905927e-01    1.31690913729e+00 
   3.85000000000e+03    3.70660264524e-01    1.28749311948e+00 
    3.70660264524e-01    1.28749311948e+00 
   3.90000000000e+03    3.74510848303e-01    1.25903179064e+00 
    3.74510848303e-01    1.25903179064e+00 
   3.95000000000e+03    3.77827761753e-01    1.23148817576e+00 
    3.77827761753e-01    1.23148817576e+00 
   4.00000000000e+03    3.80646109366e-01    1.20482529979e+00 
    3.80646109366e-01    1.20482529979e+00 
   4.05000000000e+03    3.83000995633e-01    1.17900618774e+00 
    3.83000995633e-01    1.17900618774e+00 
   4.10000000000e+03    3.84927525045e-01    1.15399386456e+00 
    3.84927525045e-01    1.15399386456e+00 
   4.15000000000e+03    3.86543493665e-01    1.12977179097e+00 
    3.86543493665e-01    1.12977179097e+00 
   4.20000000000e+03    3.88097539766e-01    1.10636167821e+00 
    3.88097539766e-01    1.10636167821e+00 
   4.25000000000e+03    3.89307655669e-01    1.08366707246e+00 
    3.89307655669e-01    1.08366707246e+00 
   4.30000000000e+03    3.90191760729e-01    1.06166716066e+00 
    3.90191760729e-01    1.06166716066e+00 
   4.35000000000e+03    3.90767774301e-01    1.04034112972e+00 
    3.90767774301e-01    1.04034112972e+00 
   4.40000000000e+03    3.91053615739e-01    1.01966816654e+00 
    3.91053615739e-01    1.01966816654e+00 
   4.45000000000e+03    3.91067204397e-01    9.99627458043e-01 
    3.91067204397e-01    9.99627458043e-01 
   4.50000000000e+03    3.90826459629e-01    9.80198191145e-01 
    3.90826459629e-01    9.80198191145e-01 
   4.55000000000e+03    3.90349300790e-01    9.61359552758e-01 
    3.90349300790e-01    9.61359552758e-01 
   4.60000000000e+03    3.89653647234e-01    9.43090729798e-01 
    3.89653647234e-01    9.43090729798e-01 
   4.65000000000e+03    3.88757418316e-01    9.25370909177e-01 
    3.88757418316e-01    9.25370909177e-01 
   4.70000000000e+03    3.87678533389e-01    9.08179277811e-01 
    3.87678533389e-01    9.08179277811e-01 
   4.75000000000e+03    3.86852094738e-01    8.91105651811e-01 
    3.86852094738e-01    8.91105651811e-01 
   4.80000000000e+03    3.85982802638e-01    8.74419701331e-01 
    3.85982802638e-01    8.74419701331e-01 
   4.85000000000e+03    3.84966604573e-01    8.58211991249e-01 
    3.84966604573e-01    8.58211991249e-01 
   4.90000000000e+03    3.83811352801e-01    8.42468691038e-01 
    3.83811352801e-01    8.42468691038e-01 
   4.95000000000e+03    3.82524899583e-01    8.27175970172e-01 
    3.82524899583e-01    8.27175970172e-01 
   5.00000000000e+03    3.81115097177e-01    8.12319998124e-01 
    3.81115097177e-01    8.12319998124e-01 
   5.05000000000e+03    3.79589797843e-01    7.97886944367e-01 
    3.79589797843e-01    7.97886944367e-01 
   5.10000000000e+03    3.77956853840e-01    7.83862978374e-01 
    3.77956853840e-01    7.83862978374e-01 
   5.15000000000e+03    3.76224117426e-01    7.70234269618e-01 
    3.76224117426e-01    7.70234269618e-01 
   5.20000000000e+03    3.74399440862e-01    7.56986987573e-01 
    3.74399440862e-01    7.56986987573e-01 
   5.25000000000e+03    3.72490676406e-01    7.44107301711e-01 
    3.72490676406e-01    7.44107301711e-01 
   5.30000000000e+03    3.70505676318e-01    7.31581381507e-01 
    3.70505676318e-01    7.31581381507e-01 
   5.35000000000e+03    3.68452292856e-01    7.19395396433e-01 
    3.68452292856e-01    7.19395396433e-01 
   5.40000000000e+03    3.66521564016e-01    7.07346987475e-01 
    3.66521564016e-01    7.07346987475e-01 
   5.45000000000e+03    3.64640260267e-01    6.95506349557e-01 
    3.64640260267e-01    6.95506349557e-01 
   5.50000000000e+03    3.62706658168e-01    6.83973373783e-01 
    3.62706658168e-01    6.83973373783e-01 
   5.55000000000e+03    3.60724042330e-01    6.72739865153e-01 
    3.60724042330e-01    6.72739865153e-01 
   5.60000000000e+03    3.58695697368e-01    6.61797628667e-01 
    3.58695697368e-01    6.61797628667e-01 
   5.65000000000e+03    3.56624907894e-01    6.51138469325e-01 
    3.56624907894e-01    6.51138469325e-01 
   5.70000000000e+03    3.54514958522e-01    6.40754192127e-01 
    3.54514958522e-01    6.40754192127e-01 
   5.75000000000e+03    3.52369133864e-01    6.30636602072e-01 
    3.52369133864e-01    6.30636602072e-01 
   5.80000000000e+03    3.50190718533e-01    6.20777504162e-01 
    3.50190718533e-01    6.20777504162e-01 
   5.85000000000e+03    3.47982997144e-01    6.11168703395e-01 
    3.47982997144e-01    6.11168703395e-01 
   5.90000000000e+03    3.45749254308e-01    6.01802004771e-01 
    3.45749254308e-01    6.01802004771e-01 
   5.95000000000e+03    3.43492774640e-01    5.92669213292e-01 
    3.43492774640e-01    5.92669213292e-01 
   6.00000000000e+03    3.41216842751e-01    5.83762133955e-01 
    3.41216842751e-01    5.83762133955e-01 
   6.05000000000e+03    3.38924743256e-01    5.75072571762e-01 
    3.38924743256e-01    5.75072571762e-01 
   6.10000000000e+03    3.36735862646e-01    5.66356937219e-01 
    3.36735862646e-01    5.66356937219e-01 
   6.15000000000e+03    3.34570404887e-01    5.57774942502e-01 
    3.34570404887e-01    5.57774942502e-01 
   6.20000000000e+03    3.32394994571e-01    5.49391988767e-01 
    3.32394994571e-01    5.49391988767e-01 
   6.25000000000e+03    3.30210861194e-01    5.41203331165e-01 
    3.30210861194e-01    5.41203331165e-01 
   6.30000000000e+03    3.28019234252e-01    5.33204224848e-01 
    3.28019234252e-01    5.33204224848e-01 
   6.35000000000e+03    3.25821343240e-01    5.25389924966e-01 
    3.25821343240e-01    5.25389924966e-01 
   6.40000000000e+03    3.23618417655e-01    5.17755686671e-01 
    3.23618417655e-01    5.17755686671e-01 
   6.45000000000e+03    3.21411686994e-01    5.10296765115e-01 
    3.21411686994e-01    5.10296765115e-01 
   6.50000000000e+03    3.19202380752e-01    5.03008415450e-01 
    3.19202380752e-01    5.03008415450e-01 
   6.55000000000e+03    3.16991728425e-01    4.95885892826e-01 
    3.16991728425e-01    4.95885892826e-01 
   6.60000000000e+03    3.14780959510e-01    4.88924452395e-01 
    3.14780959510e-01    4.88924452395e-01 
   6.65000000000e+03    3.12571303503e-01    4.82119349309e-01 
    3.12571303503e-01    4.82119349309e-01 
   6.70000000000e+03    3.10363989900e-01    4.75465838719e-01 
    3.10363989900e-01    4.75465838719e-01 
   6.75000000000e+03    3.08160248196e-01    4.68959175777e-01 
    3.08160248196e-01    4.68959175777e-01 
   6.80000000000e+03    3.05961307889e-01    4.62594615634e-01 
    3.05961307889e-01    4.62594615634e-01 
   6.85000000000e+03    3.03791391576e-01    4.56333064616e-01 
    3.03791391576e-01    4.56333064616e-01 
   6.90000000000e+03    3.01711141490e-01    4.50081229115e-01 
    3.01711141490e-01    4.50081229115e-01 
   6.95000000000e+03    2.99638261346e-01    4.43959798010e-01 
    2.99638261346e-01    4.43959798010e-01 
   7.00000000000e+03    2.97573060847e-01    4.37966109354e-01 
    2.97573060847e-01    4.37966109354e-01 
   7.05000000000e+03    2.95515849694e-01    4.32097501201e-01 
    2.95515849694e-01    4.32097501201e-01 
   7.10000000000e+03    2.93466937590e-01    4.26351311606e-01 
    2.93466937590e-01    4.26351311606e-01 
   7.15000000000e+03    2.91426634235e-01    4.20724878621e-01 
    2.91426634235e-01    4.20724878621e-01 
   7.20000000000e+03    2.89395249332e-01    4.15215540302e-01 
    2.89395249332e-01    4.15215540302e-01 
   7.25000000000e+03    2.87373092583e-01    4.09820634701e-01 
    2.87373092583e-01    4.09820634701e-01 
   7.30000000000e+03    2.85360473688e-01    4.04537499873e-01 
    2.85360473688e-01    4.04537499873e-01 
   7.35000000000e+03    2.83357702351e-01    3.99363473871e-01 
    2.83357702351e-01    3.99363473871e-01 
   7.40000000000e+03    2.81365088273e-01    3.94295894750e-01 
    2.81365088273e-01    3.94295894750e-01 
   7.45000000000e+03    2.79382941155e-01    3.89332100564e-01 
    2.79382941155e-01    3.89332100564e-01 
   7.50000000000e+03    2.77411570699e-01    3.84469429365e-01 
    2.77411570699e-01    3.84469429365e-01 
   7.55000000000e+03    2.75451286607e-01    3.79705219209e-01 
    2.75451286607e-01    3.79705219209e-01 
   7.60000000000e+03    2.73502398581e-01    3.75036808148e-01 
    2.73502398581e-01    3.75036808148e-01 
   7.65000000000e+03    2.71565216323e-01    3.70461534238e-01 
    2.71565216323e-01    3.70461534238e-01 
   7.70000000000e+03    2.69640049533e-01    3.65976735531e-01 
    2.69640049533e-01    3.65976735531e-01 
   7.75000000000e+03    2.67729922469e-01    3.61534940334e-01 
    2.67729922469e-01    3.61534940334e-01 
   7.80000000000e+03    2.65837711915e-01    3.57089823677e-01 
    2.65837711915e-01    3.57089823677e-01 
   7.85000000000e+03    2.63958079132e-01    3.52728626385e-01 
    2.63958079132e-01    3.52728626385e-01 
   7.90000000000e+03    2.62091059100e-01    3.48449757513e-01 
    2.62091059100e-01    3.48449757513e-01 
   7.95000000000e+03    2.60236686804e-01    3.44251626116e-01 
    2.60236686804e-01    3.44251626116e-01 
   8.00000000000e+03    2.58394997225e-01    3.40132641248e-01 
    2.58394997225e-01    3.40132641248e-01 
   8.05000000000e+03    2.56566025347e-01    3.36091211963e-01 
    2.56566025347e-01    3.36091211963e-01 
   8.10000000000e+03    2.54749806151e-01    3.32125747316e-01 
    2.54749806151e-01    3.32125747316e-01 
   8.15000000000e+03    2.52946374622e-01    3.28234656362e-01 
    2.52946374622e-01    3.28234656362e-01 
   8.20000000000e+03    2.51155765740e-01    3.24416348154e-01 
    2.51155765740e-01    3.24416348154e-01 
   8.25000000000e+03    2.49378014490e-01    3.20669231748e-01 
    2.49378014490e-01    3.20669231748e-01 
   8.30000000000e+03    2.47613155854e-01    3.16991716198e-01 
    2.47613155854e-01    3.16991716198e-01 
   8.35000000000e+03    2.45861224814e-01    3.13382210559e-01 
    2.45861224814e-01    3.13382210559e-01 
   8.40000000000e+03    2.44122256353e-01    3.09839123885e-01 
    2.44122256353e-01    3.09839123885e-01 
   8.45000000000e+03    2.42396285454e-01    3.06360865230e-01 
    2.42396285454e-01    3.06360865230e-01 
   8.50000000000e+03    2.40683347100e-01    3.02945843650e-01 
    2.40683347100e-01    3.02945843650e-01 
   8.55000000000e+03    2.38983476272e-01    2.99592468198e-01 
    2.38983476272e-01    2.99592468198e-01 
   8.60000000000e+03    2.37296707955e-01    2.96299147929e-01 
    2.37296707955e-01    2.96299147929e-01 
   8.65000000000e+03    2.35623077130e-01    2.93064291898e-01 
    2.35623077130e-01    2.93064291898e-01 
   8.70000000000e+03    2.33962618780e-01    2.89886309159e-01 
    2.33962618780e-01    2.89886309159e-01 
   8.75000000000e+03    2.32342810353e-01    2.86680419310e-01 
    2.32342810353e-01    2.86680419310e-01 
   8.80000000000e+03    2.30742718990e-01    2.83508892280e-01 
    2.30742718990e-01    2.83508892280e-01 
   8.85000000000e+03    2.29155721410e-01    2.80390707863e-01 
    2.29155721410e-01    2.80390707863e-01 
   8.90000000000e+03    2.27581750979e-01    2.77324962448e-01 
    2.27581750979e-01    2.77324962448e-01 
   8.95000000000e+03    2.26020741066e-01    2.74310752428e-01 
    2.26020741066e-01    2.74310752428e-01 
   9.00000000000e+03    2.24472625036e-01    2.71347174195e-01 
    2.24472625036e-01    2.71347174195e-01 
   9.05000000000e+03    2.22937336257e-01    2.68433324140e-01 
    2.22937336257e-01    2.68433324140e-01 
   9.10000000000e+03    2.21414808095e-01    2.65568298655e-01 
    2.21414808095e-01    2.65568298655e-01 
   9.15000000000e+03    2.19904973916e-01    2.62751194131e-01 
    2.19904973916e-01    2.62751194131e-01 
   9.20000000000e+03    2.18407767089e-01    2.59981106962e-01 
    2.18407767089e-01    2.59981106962e-01 
   9.25000000000e+03    2.16923120979e-01    2.57257133537e-01 
    2.16923120979e-01    2.57257133537e-01 
   9.30000000000e+03    2.15450968954e-01    2.54578370249e-01 
    2.15450968954e-01    2.54578370249e-01 
   9.35000000000e+03    2.13991244381e-01    2.51943913490e-01 
    2.13991244381e-01    2.51943913490e-01 
   9.40000000000e+03    2.12543880625e-01    2.49352859652e-01 
    2.12543880625e-01    2.49352859652e-01 
   9.45000000000e+03    2.11108811054e-01    2.46804305125e-01 
    2.11108811054e-01    2.46804305125e-01 
   9.50000000000e+03    2.09685969035e-01    2.44297346302e-01 
    2.09685969035e-01    2.44297346302e-01 
   9.55000000000e+03    2.08275287935e-01    2.41831079575e-01 
    2.08275287935e-01    2.41831079575e-01 
   9.60000000000e+03    2.06876701121e-01    2.39404601334e-01 
    2.06876701121e-01    2.39404601334e-01 
   9.65000000000e+03    2.05490141958e-01    2.37017007973e-01 
    2.05490141958e-01    2.37017007973e-01 
   9.70000000000e+03    2.04115543815e-01    2.34667395882e-01 
    2.04115543815e-01    2.34667395882e-01 
   9.75000000000e+03    2.02752840057e-01    2.32354861454e-01 
    2.02752840057e-01    2.32354861454e-01 
   9.80000000000e+03    2.01402241553e-01    2.30044845737e-01 
    2.01402241553e-01    2.30044845737e-01 
   9.85000000000e+03    2.00063609350e-01    2.27743061938e-01 
    2.00063609350e-01    2.27743061938e-01 
   9.90000000000e+03    1.98736616086e-01    2.25476242790e-01 
    1.98736616086e-01    2.25476242790e-01 
   9.95000000000e+03    1.97421159349e-01    2.23243869726e-01 
    1.97421159349e-01    2.23243869726e-01 
   1.00000000000e+04    1.96117136729e-01    2.21045424179e-01 
    1.96117136729e-01    2.21045424179e-01 
   1.00500000000e+04    1.94824445816e-01    2.18880387580e-01 
    1.94824445816e-01    2.18880387580e-01 
   1.01000000000e+04    1.93542984199e-01    2.16748241363e-01 
    1.93542984199e-01    2.16748241363e-01 
   1.01500000000e+04    1.92272649466e-01    2.14648466959e-01 
    1.92272649466e-01    2.14648466959e-01 
   1.02000000000e+04    1.91013339209e-01    2.12580545801e-01 
    1.91013339209e-01    2.12580545801e-01 
   1.02500000000e+04    1.89764951015e-01    2.10543959322e-01 
    1.89764951015e-01    2.10543959322e-01 
   1.03000000000e+04    1.88527382474e-01    2.08538188953e-01 
    1.88527382474e-01    2.08538188953e-01 
   1.03500000000e+04    1.87300531177e-01    2.06562716127e-01 
    1.87300531177e-01    2.06562716127e-01 
   1.04000000000e+04    1.86084294711e-01    2.04617022276e-01 
    1.86084294711e-01    2.04617022276e-01 
   1.04500000000e+04    1.84878570667e-01    2.02700588833e-01 
    1.84878570667e-01    2.02700588833e-01 
   1.05000000000e+04    1.83683256633e-01    2.00812897231e-01 
    1.83683256633e-01    2.00812897231e-01 
   1.05500000000e+04    1.82498250200e-01    1.98953428901e-01 
    1.82498250200e-01    1.98953428901e-01 
   1.06000000000e+04    1.81323448956e-01    1.97121665276e-01 
    1.81323448956e-01    1.97121665276e-01 
   1.06500000000e+04    1.80158750491e-01    1.95317087788e-01 
    1.80158750491e-01    1.95317087788e-01 
   1.07000000000e+04    1.79004052395e-01    1.93539177871e-01 
    1.79004052395e-01    1.93539177871e-01 
   1.07500000000e+04    1.77859252256e-01    1.91787416955e-01 
    1.77859252256e-01    1.91787416955e-01 
   1.08000000000e+04    1.76724247664e-01    1.90061286473e-01 
    1.76724247664e-01    1.90061286473e-01 
   1.08500000000e+04    1.75598936208e-01    1.88360267859e-01 
    1.75598936208e-01    1.88360267859e-01 
   1.09000000000e+04    1.74483215478e-01    1.86683842544e-01 
    1.74483215478e-01    1.86683842544e-01 
   1.09500000000e+04    1.73376983064e-01    1.85031491960e-01 
    1.73376983064e-01    1.85031491960e-01 
   1.10000000000e+04    1.72280136554e-01    1.83402697540e-01 
    1.72280136554e-01    1.83402697540e-01 
   1.10500000000e+04    1.71188934037e-01    1.81768350741e-01 
    1.71188934037e-01    1.81768350741e-01 
   1.11000000000e+04    1.70104135230e-01    1.80134717860e-01 
    1.70104135230e-01    1.80134717860e-01 
   1.11500000000e+04    1.69028452639e-01    1.78523415380e-01 
    1.69028452639e-01    1.78523415380e-01 
   1.12000000000e+04    1.67961807825e-01    1.76934135425e-01 
    1.67961807825e-01    1.76934135425e-01 
   1.12500000000e+04    1.66904122354e-01    1.75366570117e-01 
    1.66904122354e-01    1.75366570117e-01 
   1.13000000000e+04    1.65855317786e-01    1.73820411577e-01 
    1.65855317786e-01    1.73820411577e-01 
   1.13500000000e+04    1.64815315686e-01    1.72295351929e-01 
    1.64815315686e-01    1.72295351929e-01 
   1.14000000000e+04    1.63784037616e-01    1.70791083294e-01 
    1.63784037616e-01    1.70791083294e-01 
   1.14500000000e+04    1.62761405139e-01    1.69307297796e-01 
    1.62761405139e-01    1.69307297796e-01 
   1.15000000000e+04    1.61747339818e-01    1.67843687556e-01 
    1.61747339818e-01    1.67843687556e-01 
   1.15500000000e+04    1.60741763216e-01    1.66399944698e-01 
    1.60741763216e-01    1.66399944698e-01 
   1.16000000000e+04    1.59744596897e-01    1.64975761343e-01 
    1.59744596897e-01    1.64975761343e-01 
   1.16500000000e+04    1.58755762422e-01    1.63570829614e-01 
    1.58755762422e-01    1.63570829614e-01 
   1.17000000000e+04    1.57775181356e-01    1.62184841633e-01 
    1.57775181356e-01    1.62184841633e-01 
   1.17500000000e+04    1.56802775261e-01    1.60817489523e-01 
    1.56802775261e-01    1.60817489523e-01 
   1.18000000000e+04    1.55838465699e-01    1.59468465406e-01 
    1.55838465699e-01    1.59468465406e-01 
   1.18500000000e+04    1.54882174235e-01    1.58137461404e-01 
    1.54882174235e-01    1.58137461404e-01 
   1.19000000000e+04    1.53933822431e-01    1.56824169641e-01 
    1.53933822431e-01    1.56824169641e-01 
   1.19500000000e+04    1.52993331850e-01    1.55528282238e-01 
    1.52993331850e-01    1.55528282238e-01 
   1.20000000000e+04    1.52060624055e-01    1.54249491317e-01 
    1.52060624055e-01    1.54249491317e-01 
   1.20500000000e+04    1.51135620608e-01    1.52987489002e-01 
    1.51135620608e-01    1.52987489002e-01 
   1.21000000000e+04    1.50218243074e-01    1.51741967415e-01 
    1.50218243074e-01    1.51741967415e-01 
   1.21500000000e+04    1.49308413014e-01    1.50512618677e-01 
    1.49308413014e-01    1.50512618677e-01 
   1.22000000000e+04    1.48406051993e-01    1.49299134912e-01 
    1.48406051993e-01    1.49299134912e-01 
   1.22500000000e+04    1.47511081572e-01    1.48101208242e-01 
    1.47511081572e-01    1.48101208242e-01 
   1.23000000000e+04    1.46623368704e-01    1.46911965460e-01 
    1.46623368704e-01    1.46911965460e-01 
   1.23500000000e+04    1.45742691697e-01    1.45713298300e-01 
    1.45742691697e-01    1.45713298300e-01 
   1.24000000000e+04    1.44869191572e-01    1.44529422549e-01 
    1.44869191572e-01    1.44529422549e-01 
   1.24500000000e+04    1.44002807707e-01    1.43360160653e-01 
    1.44002807707e-01    1.43360160653e-01 
   1.25000000000e+04    1.43143479481e-01    1.42205335052e-01 
    1.43143479481e-01    1.42205335052e-01 
   1.25500000000e+04    1.42291146271e-01    1.41064768191e-01 
    1.42291146271e-01    1.41064768191e-01 
   1.26000000000e+04    1.41445747455e-01    1.39938282511e-01 
    1.41445747455e-01    1.39938282511e-01 
   1.26500000000e+04    1.40607222412e-01    1.38825700456e-01 
    1.40607222412e-01    1.38825700456e-01 
   1.27000000000e+04    1.39775510521e-01    1.37726844469e-01 
    1.39775510521e-01    1.37726844469e-01 
   1.27500000000e+04    1.38950551159e-01    1.36641536993e-01 
    1.38950551159e-01    1.36641536993e-01 
   1.28000000000e+04    1.38132283704e-01    1.35569600470e-01 
    1.38132283704e-01    1.35569600470e-01 
   1.28500000000e+04    1.37320647535e-01    1.34510857344e-01 
    1.37320647535e-01    1.34510857344e-01 
   1.29000000000e+04    1.36515582029e-01    1.33465130056e-01 
    1.36515582029e-01    1.33465130056e-01 
   1.29500000000e+04    1.35717026566e-01    1.32432241051e-01 
    1.35717026566e-01    1.32432241051e-01 
   1.30000000000e+04    1.34924920523e-01    1.31412012770e-01 
    1.34924920523e-01    1.31412012770e-01 
   1.30500000000e+04    1.34139203278e-01    1.30404267658e-01 
    1.34139203278e-01    1.30404267658e-01 
   1.31000000000e+04    1.33359814211e-01    1.29408828156e-01 
    1.33359814211e-01    1.29408828156e-01 
   1.31500000000e+04    1.32586692698e-01    1.28425516707e-01 
    1.32586692698e-01    1.28425516707e-01 
   1.32000000000e+04    1.31819778118e-01    1.27454155755e-01 
    1.31819778118e-01    1.27454155755e-01 
   1.32500000000e+04    1.31059009849e-01    1.26494567742e-01 
    1.31059009849e-01    1.26494567742e-01 
   1.33000000000e+04    1.30304327270e-01    1.25546575111e-01 
    1.30304327270e-01    1.25546575111e-01 
   1.33500000000e+04    1.29555669758e-01    1.24610000305e-01 
    1.29555669758e-01    1.24610000305e-01 
   1.34000000000e+04    1.28812976693e-01    1.23684665768e-01 
    1.28812976693e-01    1.23684665768e-01 
   1.34500000000e+04    1.28076187451e-01    1.22770393940e-01 
    1.28076187451e-01    1.22770393940e-01 
   1.35000000000e+04    1.27345241412e-01    1.21867007267e-01 
    1.27345241412e-01    1.21867007267e-01 
   1.35500000000e+04    1.26620077953e-01    1.20974328189e-01 
    1.26620077953e-01    1.20974328189e-01 
   1.36000000000e+04    1.25900636453e-01    1.20092179152e-01 
    1.25900636453e-01    1.20092179152e-01 
   1.36500000000e+04    1.25186856290e-01    1.19220382596e-01 
    1.25186856290e-01    1.19220382596e-01 
   1.37000000000e+04    1.24478676842e-01    1.18358760965e-01 
    1.24478676842e-01    1.18358760965e-01 
   1.37500000000e+04    1.23776037487e-01    1.17507136703e-01 
    1.23776037487e-01    1.17507136703e-01 
   1.38000000000e+04    1.23078877604e-01    1.16665332251e-01 
    1.23078877604e-01    1.16665332251e-01 
   1.38500000000e+04    1.22381879072e-01    1.15818198964e-01 
    1.22381879072e-01    1.15818198964e-01 
   1.39000000000e+04    1.21686217161e-01    1.14969092628e-01 
    1.21686217161e-01    1.14969092628e-01 
   1.39500000000e+04    1.20995880326e-01    1.14129391209e-01 
    1.20995880326e-01    1.14129391209e-01 
   1.40000000000e+04    1.20310825486e-01    1.13298992362e-01 
    1.20310825486e-01    1.13298992362e-01 
   1.40500000000e+04    1.19631009559e-01    1.12477793739e-01 
    1.19631009559e-01    1.12477793739e-01 
   1.41000000000e+04    1.18956389465e-01    1.11665692994e-01 
    1.18956389465e-01    1.11665692994e-01 
   1.41500000000e+04    1.18286922124e-01    1.10862587778e-01 
    1.18286922124e-01    1.10862587778e-01 
   1.42000000000e+04    1.17622564454e-01    1.10068375745e-01 
    1.17622564454e-01    1.10068375745e-01 
   1.42500000000e+04    1.16963273375e-01    1.09282954549e-01 
    1.16963273375e-01    1.09282954549e-01 
   1.43000000000e+04    1.16309005807e-01    1.08506221841e-01 
    1.16309005807e-01    1.08506221841e-01 
   1.43500000000e+04    1.15659718667e-01    1.07738075275e-01 
    1.15659718667e-01    1.07738075275e-01 
   1.44000000000e+04    1.15015368876e-01    1.06978412504e-01 
    1.15015368876e-01    1.06978412504e-01 
   1.44500000000e+04    1.14375913353e-01    1.06227131180e-01 
    1.14375913353e-01    1.06227131180e-01 
   1.45000000000e+04    1.13741309017e-01    1.05484128957e-01 
    1.13741309017e-01    1.05484128957e-01 
   1.45500000000e+04    1.13111512787e-01    1.04749303488e-01 
    1.13111512787e-01    1.04749303488e-01 
   1.46000000000e+04    1.12486481583e-01    1.04022552425e-01 
    1.12486481583e-01    1.04022552425e-01 
   1.46500000000e+04    1.11866172323e-01    1.03303773422e-01 
    1.11866172323e-01    1.03303773422e-01 
   1.47000000000e+04    1.11250541928e-01    1.02592864130e-01 
    1.11250541928e-01    1.02592864130e-01 
   1.47500000000e+04    1.10639547315e-01    1.01889722205e-01 
    1.10639547315e-01    1.01889722205e-01 
   1.48000000000e+04    1.10033145405e-01    1.01194245297e-01 
    1.10033145405e-01    1.01194245297e-01 
   1.48500000000e+04    1.09431293117e-01    1.00506331061e-01 
    1.09431293117e-01    1.00506331061e-01 
   1.49000000000e+04    1.08833947370e-01    9.98258771483e-02 
    1.08833947370e-01    9.98258771483e-02 
   1.49500000000e+04    1.08241065083e-01    9.91527812129e-02 
    1.08241065083e-01    9.91527812129e-02 
   1.50000000000e+04    1.07652603176e-01    9.84869409076e-02 
    1.07652603176e-01    9.84869409076e-02 
   1.50500000000e+04    1.07068518567e-01    9.78282538851e-02 
    1.07068518567e-01    9.78282538851e-02 
   1.51000000000e+04    1.06488768177e-01    9.71766177984e-02 
    1.06488768177e-01    9.71766177984e-02 
   1.51500000000e+04    1.05913308923e-01    9.65319303005e-02 
    1.05913308923e-01    9.65319303005e-02 
   1.52000000000e+04    1.05342097726e-01    9.58940890443e-02 
    1.05342097726e-01    9.58940890443e-02 
   1.52500000000e+04    1.04775091505e-01    9.52629916827e-02 
    1.04775091505e-01    9.52629916827e-02 
   1.53000000000e+04    1.04212247178e-01    9.46385358687e-02 
    1.04212247178e-01    9.46385358687e-02 
   1.53500000000e+04    1.03653521666e-01    9.40206192551e-02 
    1.03653521666e-01    9.40206192551e-02 
   1.54000000000e+04    1.03098871887e-01    9.34091394950e-02 
    1.03098871887e-01    9.34091394950e-02 
   1.54500000000e+04    1.02548254761e-01    9.28039942412e-02 
    1.02548254761e-01    9.28039942412e-02 
   1.55000000000e+04    1.02000309300e-01    9.21946239594e-02 
    1.02000309300e-01    9.21946239594e-02 
   1.55500000000e+04    1.01455347570e-01    9.15837098809e-02 
    1.01455347570e-01    9.15837098809e-02 
   1.56000000000e+04    1.00914309783e-01    9.09788903014e-02 
    1.00914309783e-01    9.09788903014e-02 
   1.56500000000e+04    1.00377165888e-01    9.03801054080e-02 
    1.00377165888e-01    9.03801054080e-02 
   1.57000000000e+04    9.98438858326e-02    8.97872953876e-02 
    9.98438858326e-02    8.97872953876e-02 
   1.57500000000e+04    9.93144395643e-02    8.92004004275e-02 
    9.93144395643e-02    8.92004004275e-02 
   1.58000000000e+04    9.87887970312e-02    8.86193607147e-02 
    9.87887970312e-02    8.86193607147e-02 
   1.58500000000e+04    9.82669281813e-02    8.80441164362e-02 
    9.82669281813e-02    8.80441164362e-02 
   1.59000000000e+04    9.77488029625e-02    8.74746077792e-02 
    9.77488029625e-02    8.74746077792e-02 
   1.59500000000e+04    9.72343913226e-02    8.69107749308e-02 
    9.72343913226e-02    8.69107749308e-02 
   1.60000000000e+04    9.67236632098e-02    8.63525580779e-02 
    9.67236632098e-02    8.63525580779e-02 
   1.60500000000e+04    9.62165885717e-02    8.57998974078e-02 
    9.62165885717e-02    8.57998974078e-02 
   1.61000000000e+04    9.57131373565e-02    8.52527331075e-02 
    9.57131373565e-02    8.52527331075e-02 
   1.61500000000e+04    9.52132795119e-02    8.47110053640e-02 
    9.52132795119e-02    8.47110053640e-02 
   1.62000000000e+04    9.47169849859e-02    8.41746543644e-02 
    9.47169849859e-02    8.41746543644e-02 
   1.62500000000e+04    9.42242237264e-02    8.36436202959e-02 
    9.42242237264e-02    8.36436202959e-02 
   1.63000000000e+04    9.37349656814e-02    8.31178433455e-02 
    9.37349656814e-02    8.31178433455e-02 
   1.63500000000e+04    9.32491807987e-02    8.25972637003e-02 
    9.32491807987e-02    8.25972637003e-02 
   1.64000000000e+04    9.27668390264e-02    8.20818215473e-02 
    9.27668390264e-02    8.20818215473e-02 
   1.64500000000e+04    9.22879103122e-02    8.15714570737e-02 
    9.22879103122e-02    8.15714570737e-02 
   1.65000000000e+04    9.18123646041e-02    8.10661104665e-02 
    9.18123646041e-02    8.10661104665e-02 
   1.65500000000e+04    9.13401718501e-02    8.05657219128e-02 
    9.13401718501e-02    8.05657219128e-02 
   1.66000000000e+04    9.08713019980e-02    8.00702315998e-02 
    9.08713019980e-02    8.00702315998e-02 
   1.66500000000e+04    9.04057249958e-02    7.95795797144e-02 
    9.04057249958e-02    7.95795797144e-02 
   1.67000000000e+04    8.99434107914e-02    7.90937064437e-02 
    8.99434107914e-02    7.90937064437e-02 
   1.67500000000e+04    8.94843293327e-02    7.86125519749e-02 
    8.94843293327e-02    7.86125519749e-02 
   1.68000000000e+04    8.90284505676e-02    7.81360564950e-02 
    8.90284505676e-02    7.81360564950e-02 
   1.68500000000e+04    8.85757444441e-02    7.76641601911e-02 
    8.85757444441e-02    7.76641601911e-02 
   1.69000000000e+04    8.81261809100e-02    7.71968032502e-02 
    8.81261809100e-02    7.71968032502e-02 
   1.69500000000e+04    8.76797299134e-02    7.67339258596e-02 
    8.76797299134e-02    7.67339258596e-02 
   1.70000000000e+04    8.72363614020e-02    7.62754682061e-02 
    8.72363614020e-02    7.62754682061e-02 
   1.70500000000e+04    8.67960453239e-02    7.58213704770e-02 
    8.67960453239e-02    7.58213704770e-02 
   1.71000000000e+04    8.63587516269e-02    7.53715728593e-02 
    8.63587516269e-02    7.53715728593e-02 
   1.71500000000e+04    8.59244502589e-02    7.49260155400e-02 
    8.59244502589e-02    7.49260155400e-02 
   1.72000000000e+04    8.54931111680e-02    7.44846387064e-02 
    8.54931111680e-02    7.44846387064e-02 
   1.72500000000e+04    8.50647043019e-02    7.40473825453e-02 
    8.50647043019e-02    7.40473825453e-02 
   1.73000000000e+04    8.46366614801e-02    7.36102019647e-02 
    8.46366614801e-02    7.36102019647e-02 
   1.73500000000e+04    8.42071728890e-02    7.31702463268e-02 
    8.42071728890e-02    7.31702463268e-02 
   1.74000000000e+04    8.37805394296e-02    7.27342651702e-02 
    8.37805394296e-02    7.27342651702e-02 
   1.74500000000e+04    8.33567405847e-02    7.23022229499e-02 
    8.33567405847e-02    7.23022229499e-02 
   1.75000000000e+04    8.29357558375e-02    7.18740841213e-02 
    8.29357558375e-02    7.18740841213e-02 
   1.75500000000e+04    8.25175646708e-02    7.14498131395e-02 
    8.25175646708e-02    7.14498131395e-02 
   1.76000000000e+04    8.21021465677e-02    7.10293744598e-02 
    8.21021465677e-02    7.10293744598e-02 
   1.76500000000e+04    8.16894810110e-02    7.06127325373e-02 
    8.16894810110e-02    7.06127325373e-02 
   1.77000000000e+04    8.12795474838e-02    7.01998518272e-02 
    8.12795474838e-02    7.01998518272e-02 
   1.77500000000e+04    8.08723254690e-02    6.97906967848e-02 
    8.08723254690e-02    6.97906967848e-02 
   1.78000000000e+04    8.04677944496e-02    6.93852318653e-02 
    8.04677944496e-02    6.93852318653e-02 
   1.78500000000e+04    8.00659339085e-02    6.89834215239e-02 
    8.00659339085e-02    6.89834215239e-02 
   1.79000000000e+04    7.96667233286e-02    6.85852302157e-02 
    7.96667233286e-02    6.85852302157e-02 
   1.79500000000e+04    7.92701421931e-02    6.81906223960e-02 
    7.92701421931e-02    6.81906223960e-02 
   1.80000000000e+04    7.88761699848e-02    6.77995625200e-02 
    7.88761699848e-02    6.77995625200e-02 
   1.80500000000e+04    7.84847861867e-02    6.74120150429e-02 
    7.84847861867e-02    6.74120150429e-02 
   1.81000000000e+04    7.80959702817e-02    6.70279444200e-02 
    7.80959702817e-02    6.70279444200e-02 
   1.81500000000e+04    7.77097017528e-02    6.66473151063e-02 
    7.77097017528e-02    6.66473151063e-02 
   1.82000000000e+04    7.73259600830e-02    6.62700915571e-02 
    7.73259600830e-02    6.62700915571e-02 
   1.82500000000e+04    7.69447247553e-02    6.58962382277e-02 
    7.69447247553e-02    6.58962382277e-02 
   1.83000000000e+04    7.65659752526e-02    6.55257195732e-02 
    7.65659752526e-02    6.55257195732e-02 
   1.83500000000e+04    7.61896910578e-02    6.51585000488e-02 
    7.61896910578e-02    6.51585000488e-02 
   1.84000000000e+04    7.58158516540e-02    6.47945441097e-02 
    7.58158516540e-02    6.47945441097e-02 
   1.84500000000e+04    7.54444365240e-02    6.44338162113e-02 
    7.54444365240e-02    6.44338162113e-02 
   1.85000000000e+04    7.50754251509e-02    6.40762808085e-02 
    7.50754251509e-02    6.40762808085e-02 
   1.85500000000e+04    7.47087970177e-02    6.37219023567e-02 
    7.47087970177e-02    6.37219023567e-02 
   1.86000000000e+04    7.43445316072e-02    6.33706453111e-02 
    7.43445316072e-02    6.33706453111e-02 
   1.86500000000e+04    7.39826084025e-02    6.30224741269e-02 
    7.39826084025e-02    6.30224741269e-02 
   1.87000000000e+04    7.36230068864e-02    6.26773532592e-02 
    7.36230068864e-02    6.26773532592e-02 
   1.87500000000e+04    7.32657065421e-02    6.23352471633e-02 
    7.32657065421e-02    6.23352471633e-02 
   1.88000000000e+04    7.29106868524e-02    6.19961202944e-02 
    7.29106868524e-02    6.19961202944e-02 
   1.88500000000e+04    7.25579273003e-02    6.16599371077e-02 
    7.25579273003e-02    6.16599371077e-02 
   1.89000000000e+04    7.22074073687e-02    6.13266620584e-02 
    7.22074073687e-02    6.13266620584e-02 
   1.89500000000e+04    7.18591065407e-02    6.09962596017e-02 
    7.18591065407e-02    6.09962596017e-02 
   1.90000000000e+04    7.15130042991e-02    6.06686941928e-02 
    7.15130042991e-02    6.06686941928e-02 
   1.90500000000e+04    7.11690801271e-02    6.03439302869e-02 
    7.11690801271e-02    6.03439302869e-02 
   1.91000000000e+04    7.08273135074e-02    6.00219323393e-02 
    7.08273135074e-02    6.00219323393e-02 
   1.91500000000e+04    7.04876839231e-02    5.97026648051e-02 
    7.04876839231e-02    5.97026648051e-02 
   1.92000000000e+04    7.01501708572e-02    5.93860921395e-02 
    7.01501708572e-02    5.93860921395e-02 
   1.92500000000e+04    6.98138803581e-02    5.90683433409e-02 
    6.98138803581e-02    5.90683433409e-02 
   1.93000000000e+04    6.94783472011e-02    5.87474231518e-02 
    6.94783472011e-02    5.87474231518e-02 
   1.93500000000e+04    6.91448789737e-02    5.84291119091e-02 
    6.91448789737e-02    5.84291119091e-02 
   1.94000000000e+04    6.88134622851e-02    5.81133888838e-02 
    6.88134622851e-02    5.81133888838e-02 
   1.94500000000e+04    6.84840837445e-02    5.78002333466e-02 
    6.84840837445e-02    5.78002333466e-02 
   1.95000000000e+04    6.81567299611e-02    5.74896245685e-02 
    6.81567299611e-02    5.74896245685e-02 
   1.95500000000e+04    6.78313875439e-02    5.71815418202e-02 
    6.78313875439e-02    5.71815418202e-02 
   1.96000000000e+04    6.75080431022e-02    5.68759643725e-02 
    6.75080431022e-02    5.68759643725e-02 
   1.96500000000e+04    6.71866832452e-02    5.65728714964e-02 
    6.71866832452e-02    5.65728714964e-02 
   1.97000000000e+04    6.68672945820e-02    5.62722424626e-02 
    6.68672945820e-02    5.62722424626e-02 
   1.97500000000e+04    6.65498637217e-02    5.59740565419e-02 
    6.65498637217e-02    5.59740565419e-02 
   1.98000000000e+04    6.62343772735e-02    5.56782930053e-02 
    6.62343772735e-02    5.56782930053e-02 
   1.98500000000e+04    6.59208218466e-02    5.53849311235e-02 
    6.59208218466e-02    5.53849311235e-02 
   1.99000000000e+04    6.56091840502e-02    5.50939501673e-02 
    6.56091840502e-02    5.50939501673e-02 
   1.99500000000e+04    6.52994504934e-02    5.48053294077e-02 
    6.52994504934e-02    5.48053294077e-02 
   2.00000000000e+04    6.49916077853e-02    5.45190481154e-02 
    6.49916077853e-02    5.45190481154e-02 
   2.00500000000e+04    6.46856425352e-02    5.42350855612e-02 
    6.46856425352e-02    5.42350855612e-02 
   2.01000000000e+04    6.43815413521e-02    5.39534210161e-02 
    6.43815413521e-02    5.39534210161e-02 
   2.01500000000e+04    6.40792908454e-02    5.36740337508e-02 
    6.40792908454e-02    5.36740337508e-02 
   2.02000000000e+04    6.37788776240e-02    5.33969030361e-02 
    6.37788776240e-02    5.33969030361e-02 
   2.02500000000e+04    6.34802882972e-02    5.31220081430e-02 
    6.34802882972e-02    5.31220081430e-02 
   2.03000000000e+04    6.31835094742e-02    5.28493283421e-02 
    6.31835094742e-02    5.28493283421e-02 
   2.03500000000e+04    6.28885277641e-02    5.25788429045e-02 
    6.28885277641e-02    5.25788429045e-02 
   2.04000000000e+04    6.25953297760e-02    5.23105311008e-02 
    6.25953297760e-02    5.23105311008e-02 
   2.04500000000e+04    6.23039021192e-02    5.20443722020e-02 
    6.23039021192e-02    5.20443722020e-02 
   2.05000000000e+04    6.20142314028e-02    5.17803454788e-02 
    6.20142314028e-02    5.17803454788e-02 
   2.05500000000e+04    6.17263042359e-02    5.15184302022e-02 
    6.17263042359e-02    5.15184302022e-02 
   2.06000000000e+04    6.14401072277e-02    5.12586056428e-02 
    6.14401072277e-02    5.12586056428e-02 
   2.06500000000e+04    6.11556269874e-02    5.10008510717e-02 
    6.11556269874e-02    5.10008510717e-02 
   2.07000000000e+04    6.08728501242e-02    5.07451457595e-02 
    6.08728501242e-02    5.07451457595e-02 
   2.07500000000e+04    6.05917632472e-02    5.04914689771e-02 
    6.05917632472e-02    5.04914689771e-02 
   2.08000000000e+04    6.03123529655e-02    5.02397999954e-02 
    6.03123529655e-02    5.02397999954e-02 
   2.08500000000e+04    6.00346058884e-02    4.99901180852e-02 
    6.00346058884e-02    4.99901180852e-02 
   2.09000000000e+04    5.97585086250e-02    4.97424025174e-02 
    5.97585086250e-02    4.97424025174e-02 
   2.09500000000e+04    5.94840477844e-02    4.94966325627e-02 
    5.94840477844e-02    4.94966325627e-02 
   2.10000000000e+04    5.92112099758e-02    4.92527874920e-02 
    5.92112099758e-02    4.92527874920e-02 
   2.10500000000e+04    5.89399818084e-02    4.90108465761e-02 
    5.89399818084e-02    4.90108465761e-02 
   2.11000000000e+04    5.86703498914e-02    4.87707890859e-02 
    5.86703498914e-02    4.87707890859e-02 
   2.11500000000e+04    5.84023008338e-02    4.85325942921e-02 
    5.84023008338e-02    4.85325942921e-02 
   2.12000000000e+04    5.81358212450e-02    4.82962414658e-02 
    5.81358212450e-02    4.82962414658e-02 
   2.12500000000e+04    5.78708977339e-02    4.80617098775e-02 
    5.78708977339e-02    4.80617098775e-02 
   2.13000000000e+04    5.76075169099e-02    4.78289787983e-02 
    5.76075169099e-02    4.78289787983e-02 
   2.13500000000e+04    5.73456653820e-02    4.75980274988e-02 
    5.73456653820e-02    4.75980274988e-02 
   2.14000000000e+04    5.70853297594e-02    4.73688352501e-02 
    5.70853297594e-02    4.73688352501e-02 
   2.14500000000e+04    5.68264966513e-02    4.71413813228e-02 
    5.68264966513e-02    4.71413813228e-02 
   2.15000000000e+04    5.65672285995e-02    4.69133126602e-02 
    5.65672285995e-02    4.69133126602e-02 
   2.15500000000e+04    5.63068457493e-02    4.66838020245e-02 
    5.63068457493e-02    4.66838020245e-02 
   2.16000000000e+04    5.60479316929e-02    4.64559797803e-02 
    5.60479316929e-02    4.64559797803e-02 
   2.16500000000e+04    5.57904775640e-02    4.62298337943e-02 
    5.57904775640e-02    4.62298337943e-02 
   2.17000000000e+04    5.55344744961e-02    4.60053519333e-02 
    5.55344744961e-02    4.60053519333e-02 
   2.17500000000e+04    5.52799136230e-02    4.57825220637e-02 
    5.52799136230e-02    4.57825220637e-02 
   2.18000000000e+04    5.50267860782e-02    4.55613320522e-02 
    5.50267860782e-02    4.55613320522e-02 
   2.18500000000e+04    5.47750829954e-02    4.53417697656e-02 
    5.47750829954e-02    4.53417697656e-02 
   2.19000000000e+04    5.45247955081e-02    4.51238230703e-02 
    5.45247955081e-02    4.51238230703e-02 
   2.19500000000e+04    5.42759147501e-02    4.49074798330e-02 
    5.42759147501e-02    4.49074798330e-02 
   2.20000000000e+04    5.40284318548e-02    4.46927279204e-02 
    5.40284318548e-02    4.46927279204e-02 
   2.20500000000e+04    5.37823379560e-02    4.44795551991e-02 
    5.37823379560e-02    4.44795551991e-02 
   2.21000000000e+04    5.35376241873e-02    4.42679495357e-02 
    5.35376241873e-02    4.42679495357e-02 
   2.21500000000e+04    5.32942816822e-02    4.40578987969e-02 
    5.32942816822e-02    4.40578987969e-02 
   2.22000000000e+04    5.30523015745e-02    4.38493908493e-02 
    5.30523015745e-02    4.38493908493e-02 
   2.22500000000e+04    5.28116749976e-02    4.36424135595e-02 
    5.28116749976e-02    4.36424135595e-02 
   2.23000000000e+04    5.25723930853e-02    4.34369547942e-02 
    5.25723930853e-02    4.34369547942e-02 
   2.23500000000e+04    5.23344469712e-02    4.32330024199e-02 
    5.23344469712e-02    4.32330024199e-02 
   2.24000000000e+04    5.20978277889e-02    4.30305443034e-02 
    5.20978277889e-02    4.30305443034e-02 
   2.24500000000e+04    5.18625266720e-02    4.28295683112e-02 
    5.18625266720e-02    4.28295683112e-02 
   2.25000000000e+04    5.16285347541e-02    4.26300623100e-02 
    5.16285347541e-02    4.26300623100e-02 
   2.25500000000e+04    5.13958431689e-02    4.24320141665e-02 
    5.13958431689e-02    4.24320141665e-02 
   2.26000000000e+04    5.11644430500e-02    4.22354117472e-02 
    5.11644430500e-02    4.22354117472e-02 
   2.26500000000e+04    5.09343255309e-02    4.20402429187e-02 
    5.09343255309e-02    4.20402429187e-02 
   2.27000000000e+04    5.07054817454e-02    4.18464955478e-02 
    5.07054817454e-02    4.18464955478e-02 
   2.27500000000e+04    5.04779028270e-02    4.16541575011e-02 
    5.04779028270e-02    4.16541575011e-02 
   2.28000000000e+04    5.02515799094e-02    4.14632166451e-02 
    5.02515799094e-02    4.14632166451e-02 
   2.28500000000e+04    5.00265041262e-02    4.12736608465e-02 
    5.00265041262e-02    4.12736608465e-02 
   2.29000000000e+04    4.98026666109e-02    4.10854779720e-02 
    4.98026666109e-02    4.10854779720e-02 
   2.29500000000e+04    4.95800584973e-02    4.08986558882e-02 
    4.95800584973e-02    4.08986558882e-02 
   2.30000000000e+04    4.93586709190e-02    4.07131824617e-02 
    4.93586709190e-02    4.07131824617e-02 
   2.30500000000e+04    4.91384950095e-02    4.05290455591e-02 
    4.91384950095e-02    4.05290455591e-02 
   2.31000000000e+04    4.89195219026e-02    4.03462330471e-02 
    4.89195219026e-02    4.03462330471e-02 
   2.31500000000e+04    4.87017427317e-02    4.01647327923e-02 
    4.87017427317e-02    4.01647327923e-02 
   2.32000000000e+04    4.84851486306e-02    3.99845326613e-02 
    4.84851486306e-02    3.99845326613e-02 
   2.32500000000e+04    4.82697307328e-02    3.98056205209e-02 
    4.82697307328e-02    3.98056205209e-02 
   2.33000000000e+04    4.80554801720e-02    3.96279842375e-02 
    4.80554801720e-02    3.96279842375e-02 
   2.33500000000e+04    4.78423880818e-02    3.94516116779e-02 
    4.78423880818e-02    3.94516116779e-02 
   2.34000000000e+04    4.76304455959e-02    3.92764907086e-02 
    4.76304455959e-02    3.92764907086e-02 
   2.34500000000e+04    4.74196438477e-02    3.91026091964e-02 
    4.74196438477e-02    3.91026091964e-02 
   2.35000000000e+04    4.72099739711e-02    3.89299550078e-02 
    4.72099739711e-02    3.89299550078e-02 
   2.35500000000e+04    4.70014270995e-02    3.87585160094e-02 
    4.70014270995e-02    3.87585160094e-02 
   2.36000000000e+04    4.67939943667e-02    3.85882800680e-02 
    4.67939943667e-02    3.85882800680e-02 
   2.36500000000e+04    4.65876669062e-02    3.84192350501e-02 
    4.65876669062e-02    3.84192350501e-02 
   2.37000000000e+04    4.63824358516e-02    3.82513688224e-02 
    4.63824358516e-02    3.82513688224e-02 
   2.37500000000e+04    4.61782923366e-02    3.80846692514e-02 
    4.61782923366e-02    3.80846692514e-02 
   2.38000000000e+04    4.59752274948e-02    3.79191242040e-02 
    4.59752274948e-02    3.79191242040e-02 
   2.38500000000e+04    4.57732324598e-02    3.77547215465e-02 
    4.57732324598e-02    3.77547215465e-02 
   2.39000000000e+04    4.55722909539e-02    3.75914290960e-02 
    4.55722909539e-02    3.75914290960e-02 
   2.39500000000e+04    4.53705566327e-02    3.74242632331e-02 
    4.53705566327e-02    3.74242632331e-02 
   2.40000000000e+04    4.51698687869e-02    3.72582084161e-02 
    4.51698687869e-02    3.72582084161e-02 
   2.40500000000e+04    4.49702218046e-02    3.70932575476e-02 
    4.49702218046e-02    3.70932575476e-02 
   2.41000000000e+04    4.47716100741e-02    3.69294035302e-02 
    4.47716100741e-02    3.69294035302e-02 
   2.41500000000e+04    4.45740279836e-02    3.67666392663e-02 
    4.45740279836e-02    3.67666392663e-02 
   2.42000000000e+04    4.43774699215e-02    3.66049576584e-02 
    4.43774699215e-02    3.66049576584e-02 
   2.42500000000e+04    4.41819302758e-02    3.64443516092e-02 
    4.41819302758e-02    3.64443516092e-02 
   2.43000000000e+04    4.39874034349e-02    3.62848140211e-02 
    4.39874034349e-02    3.62848140211e-02 
   2.43500000000e+04    4.37938837870e-02    3.61263377966e-02 
    4.37938837870e-02    3.61263377966e-02 
   2.44000000000e+04    4.36013657203e-02    3.59689158382e-02 
    4.36013657203e-02    3.59689158382e-02 
   2.44500000000e+04    4.34098436231e-02    3.58125410486e-02 
    4.34098436231e-02    3.58125410486e-02 
   2.45000000000e+04    4.32193118836e-02    3.56572063301e-02 
    4.32193118836e-02    3.56572063301e-02 
   2.45500000000e+04    4.30297648901e-02    3.55029045853e-02 
    4.30297648901e-02    3.55029045853e-02 
   2.46000000000e+04    4.28411970307e-02    3.53496287167e-02 
    4.28411970307e-02    3.53496287167e-02 
   2.46500000000e+04    4.26536026938e-02    3.51973716269e-02 
    4.26536026938e-02    3.51973716269e-02 
   2.47000000000e+04    4.24669762675e-02    3.50461262184e-02 
    4.24669762675e-02    3.50461262184e-02 
   2.47500000000e+04    4.22813121401e-02    3.48958853936e-02 
    4.22813121401e-02    3.48958853936e-02 
   2.48000000000e+04    4.20966046999e-02    3.47466420551e-02 
    4.20966046999e-02    3.47466420551e-02 
   2.48500000000e+04    4.19128483351e-02    3.45983891055e-02 
    4.19128483351e-02    3.45983891055e-02 
   2.49000000000e+04    4.17300374339e-02    3.44511194472e-02 
    4.17300374339e-02    3.44511194472e-02 
   2.49500000000e+04    4.15481663846e-02    3.43048259827e-02 
    4.15481663846e-02    3.43048259827e-02 
   2.50000000000e+04    4.13672295753e-02    3.41595016146e-02 
    4.13672295753e-02    3.41595016146e-02 
   2.50500000000e+04    4.11872213945e-02    3.40151392455e-02 
    4.11872213945e-02    3.40151392455e-02 
   2.51000000000e+04    4.10081362301e-02    3.38717317777e-02 
    4.10081362301e-02    3.38717317777e-02 
   2.51500000000e+04    4.08299684707e-02    3.37292721139e-02 
    4.08299684707e-02    3.37292721139e-02 
   2.52000000000e+04    4.06527125042e-02    3.35877531566e-02 
    4.06527125042e-02    3.35877531566e-02 
   2.52500000000e+04    4.04763627191e-02    3.34471678082e-02 
    4.04763627191e-02    3.34471678082e-02 
   2.53000000000e+04    4.03009135035e-02    3.33075089713e-02 
    4.03009135035e-02    3.33075089713e-02 
   2.53500000000e+04    4.01263592457e-02    3.31687695484e-02 
    4.01263592457e-02    3.31687695484e-02 
   2.54000000000e+04    3.99526943339e-02    3.30309424421e-02 
    3.99526943339e-02    3.30309424421e-02 
   2.54500000000e+04    3.97799131564e-02    3.28940205548e-02 
    3.97799131564e-02    3.28940205548e-02 
   2.55000000000e+04    3.96080101013e-02    3.27579967891e-02 
    3.96080101013e-02    3.27579967891e-02 
   2.55500000000e+04    3.94369795570e-02    3.26228640475e-02 
    3.94369795570e-02    3.26228640475e-02 
   2.56000000000e+04    3.92668159117e-02    3.24886152325e-02 
    3.92668159117e-02    3.24886152325e-02 
   2.56500000000e+04    3.90975135535e-02    3.23552432466e-02 
    3.90975135535e-02    3.23552432466e-02 
   2.57000000000e+04    3.89290668709e-02    3.22227409924e-02 
    3.89290668709e-02    3.22227409924e-02 
   2.57500000000e+04    3.87614702519e-02    3.20911013723e-02 
    3.87614702519e-02    3.20911013723e-02 
   2.58000000000e+04    3.85947180848e-02    3.19603172889e-02 
    3.85947180848e-02    3.19603172889e-02 
   2.58500000000e+04    3.84288047579e-02    3.18303816448e-02 
    3.84288047579e-02    3.18303816448e-02 
   2.59000000000e+04    3.82637246595e-02    3.17012873423e-02 
    3.82637246595e-02    3.17012873423e-02 
   2.59500000000e+04    3.80994721776e-02    3.15730272841e-02 
    3.80994721776e-02    3.15730272841e-02 
   2.60000000000e+04    3.79360417007e-02    3.14455943727e-02 
    3.79360417007e-02    3.14455943727e-02 
   2.60500000000e+04    3.77734276169e-02    3.13189815106e-02 
    3.77734276169e-02    3.13189815106e-02 
   2.61000000000e+04    3.76116243144e-02    3.11931816002e-02 
    3.76116243144e-02    3.11931816002e-02 
   2.61500000000e+04    3.74506261816e-02    3.10681875442e-02 
    3.74506261816e-02    3.10681875442e-02 
   2.62000000000e+04    3.72904276066e-02    3.09439922450e-02 
    3.72904276066e-02    3.09439922450e-02 
   2.62500000000e+04    3.71310229777e-02    3.08205886052e-02 
    3.71310229777e-02    3.08205886052e-02 
   2.63000000000e+04    3.69724066831e-02    3.06979695273e-02 
    3.69724066831e-02    3.06979695273e-02 
   2.63500000000e+04    3.68145731111e-02    3.05761279138e-02 
    3.68145731111e-02    3.05761279138e-02 
   2.64000000000e+04    3.66575166498e-02    3.04550566672e-02 
    3.66575166498e-02    3.04550566672e-02 
   2.64500000000e+04    3.65012316877e-02    3.03347486900e-02 
    3.65012316877e-02    3.03347486900e-02 
   2.65000000000e+04    3.63457126127e-02    3.02151968848e-02 
    3.63457126127e-02    3.02151968848e-02 
   2.65500000000e+04    3.61909538134e-02    3.00963941540e-02 
    3.61909538134e-02    3.00963941540e-02 
   2.66000000000e+04    3.60369496777e-02    2.99783334003e-02 
    3.60369496777e-02    2.99783334003e-02 
   2.66500000000e+04    3.58836945941e-02    2.98610075261e-02 
    3.58836945941e-02    2.98610075261e-02 
   2.67000000000e+04    3.57311829507e-02    2.97444094339e-02 
    3.57311829507e-02    2.97444094339e-02 
   2.67500000000e+04    3.55775127899e-02    2.96264807527e-02 
    3.55775127899e-02    2.96264807527e-02 
   2.68000000000e+04    3.54233533827e-02    2.95079448995e-02 
    3.54233533827e-02    2.95079448995e-02 
   2.68500000000e+04    3.52699237782e-02    2.93901203355e-02 
    3.52699237782e-02    2.93901203355e-02 
   2.69000000000e+04    3.51172203529e-02    2.92730029478e-02 
    3.51172203529e-02    2.92730029478e-02 
   2.69500000000e+04    3.49652394839e-02    2.91565886237e-02 
    3.49652394839e-02    2.91565886237e-02 
   2.70000000000e+04    3.48139775478e-02    2.90408732505e-02 
    3.48139775478e-02    2.90408732505e-02 
   2.70500000000e+04    3.46634309214e-02    2.89258527156e-02 
    3.46634309214e-02    2.89258527156e-02 
   2.71000000000e+04    3.45135959816e-02    2.88115229061e-02 
    3.45135959816e-02    2.88115229061e-02 
   2.71500000000e+04    3.43644691052e-02    2.86978797093e-02 
    3.43644691052e-02    2.86978797093e-02 
   2.72000000000e+04    3.42160466689e-02    2.85849190126e-02 
    3.42160466689e-02    2.85849190126e-02 
   2.72500000000e+04    3.40683250496e-02    2.84726367032e-02 
    3.40683250496e-02    2.84726367032e-02 
   2.73000000000e+04    3.39213006241e-02    2.83610286683e-02 
    3.39213006241e-02    2.83610286683e-02 
   2.73500000000e+04    3.37749697691e-02    2.82500907953e-02 
    3.37749697691e-02    2.82500907953e-02 
   2.74000000000e+04    3.36293288615e-02    2.81398189714e-02 
    3.36293288615e-02    2.81398189714e-02 
   2.74500000000e+04    3.34843742781e-02    2.80302090840e-02 
    3.34843742781e-02    2.80302090840e-02 
   2.75000000000e+04    3.33401023956e-02    2.79212570202e-02 
    3.33401023956e-02    2.79212570202e-02 
   2.75500000000e+04    3.31965095909e-02    2.78129586674e-02 
    3.31965095909e-02    2.78129586674e-02 
   2.76000000000e+04    3.30535922408e-02    2.77053099128e-02 
    3.30535922408e-02    2.77053099128e-02 
   2.76500000000e+04    3.29113467220e-02    2.75983066437e-02 
    3.29113467220e-02    2.75983066437e-02 
   2.77000000000e+04    3.27697694114e-02    2.74919447474e-02 
    3.27697694114e-02    2.74919447474e-02 
   2.77500000000e+04    3.26288566857e-02    2.73862201112e-02 
    3.26288566857e-02    2.73862201112e-02 
   2.78000000000e+04    3.24886049218e-02    2.72811286224e-02 
    3.24886049218e-02    2.72811286224e-02 
   2.78500000000e+04    3.23490104965e-02    2.71766661681e-02 
    3.23490104965e-02    2.71766661681e-02 
   2.79000000000e+04    3.22100697866e-02    2.70728286358e-02 
    3.22100697866e-02    2.70728286358e-02 
   2.79500000000e+04    3.20717791688e-02    2.69696119126e-02 
    3.20717791688e-02    2.69696119126e-02 
   2.80000000000e+04    3.19341350200e-02    2.68670118859e-02 
    3.19341350200e-02    2.68670118859e-02 
   2.80500000000e+04    3.17971337169e-02    2.67650244429e-02 
    3.17971337169e-02    2.67650244429e-02 
   2.81000000000e+04    3.16607716365e-02    2.66636454709e-02 
    3.16607716365e-02    2.66636454709e-02 
   2.81500000000e+04    3.15250451554e-02    2.65628708572e-02 
    3.15250451554e-02    2.65628708572e-02 
   2.82000000000e+04    3.13899506504e-02    2.64626964891e-02 
    3.13899506504e-02    2.64626964891e-02 
   2.82500000000e+04    3.12554844984e-02    2.63631182538e-02 
    3.12554844984e-02    2.63631182538e-02 
   2.83000000000e+04    3.11216430762e-02    2.62641320386e-02 
    3.11216430762e-02    2.62641320386e-02 
   2.83500000000e+04    3.09884227606e-02    2.61657337308e-02 
    3.09884227606e-02    2.61657337308e-02 
   2.84000000000e+04    3.08558199284e-02    2.60679192177e-02 
    3.08558199284e-02    2.60679192177e-02 
   2.84500000000e+04    3.07238309563e-02    2.59706843865e-02 
    3.07238309563e-02    2.59706843865e-02 
   2.85000000000e+04    3.05924522212e-02    2.58740251245e-02 
    3.05924522212e-02    2.58740251245e-02 
   2.85500000000e+04    3.04616800998e-02    2.57779373191e-02 
    3.04616800998e-02    2.57779373191e-02 
   2.86000000000e+04    3.03315109690e-02    2.56824168574e-02 
    3.03315109690e-02    2.56824168574e-02 
   2.86500000000e+04    3.02019412056e-02    2.55874596268e-02 
    3.02019412056e-02    2.55874596268e-02 
   2.87000000000e+04    3.00729671864e-02    2.54930615145e-02 
    3.00729671864e-02    2.54930615145e-02 
   2.87500000000e+04    2.99445852881e-02    2.53992184078e-02 
    2.99445852881e-02    2.53992184078e-02 
   2.88000000000e+04    2.98167918877e-02    2.53059261939e-02 
    2.98167918877e-02    2.53059261939e-02 
   2.88500000000e+04    2.96895833618e-02    2.52131807603e-02 
    2.96895833618e-02    2.52131807603e-02 
   2.89000000000e+04    2.95629560872e-02    2.51209779941e-02 
    2.95629560872e-02    2.51209779941e-02 
   2.89500000000e+04    2.94369064409e-02    2.50293137826e-02 
    2.94369064409e-02    2.50293137826e-02 
   2.90000000000e+04    2.93114307995e-02    2.49381840131e-02 
    2.93114307995e-02    2.49381840131e-02 
   2.90500000000e+04    2.91865255399e-02    2.48475845728e-02 
    2.91865255399e-02    2.48475845728e-02 
   2.91000000000e+04    2.90621870388e-02    2.47575113491e-02 
    2.90621870388e-02    2.47575113491e-02 
   2.91500000000e+04    2.89384116731e-02    2.46679602292e-02 
    2.89384116731e-02    2.46679602292e-02 
   2.92000000000e+04    2.88151958197e-02    2.45789271005e-02 
    2.88151958197e-02    2.45789271005e-02 
   2.92500000000e+04    2.86925358551e-02    2.44904078501e-02 
    2.86925358551e-02    2.44904078501e-02 
   2.93000000000e+04    2.85704281564e-02    2.44023983653e-02 
    2.85704281564e-02    2.44023983653e-02 
   2.93500000000e+04    2.84488691003e-02    2.43148945335e-02 
    2.84488691003e-02    2.43148945335e-02 
   2.94000000000e+04    2.83278550635e-02    2.42278922419e-02 
    2.83278550635e-02    2.42278922419e-02 
   2.94500000000e+04    2.82073824229e-02    2.41413873777e-02 
    2.82073824229e-02    2.41413873777e-02 
   2.95000000000e+04    2.80874475552e-02    2.40553758284e-02 
    2.80874475552e-02    2.40553758284e-02 
   2.95500000000e+04    2.79680468374e-02    2.39698534810e-02 
    2.79680468374e-02    2.39698534810e-02 
   2.96000000000e+04    2.78491766461e-02    2.38848162230e-02 
    2.78491766461e-02    2.38848162230e-02 
   2.96500000000e+04    2.77308333582e-02    2.38002599416e-02 
    2.77308333582e-02    2.38002599416e-02 
   2.97000000000e+04    2.76130133505e-02    2.37161805240e-02 
    2.76130133505e-02    2.37161805240e-02 
   2.97500000000e+04    2.74957129998e-02    2.36325738576e-02 
    2.74957129998e-02    2.36325738576e-02 
   2.98000000000e+04    2.73782793318e-02    2.35481583992e-02 
    2.73782793318e-02    2.35481583992e-02 
   2.98500000000e+04    2.72608768409e-02    2.34632603152e-02 
    2.72608768409e-02    2.34632603152e-02 
   2.99000000000e+04    2.71439850623e-02    2.33788251768e-02 
    2.71439850623e-02    2.33788251768e-02 
   2.99500000000e+04    2.70276015958e-02    2.32948504805e-02 
    2.70276015958e-02    2.32948504805e-02 
   3.00000000000e+04    2.69117240411e-02    2.32113337226e-02 
    2.69117240411e-02    2.32113337226e-02 
   3.00500000000e+04    2.67963499980e-02    2.31282723995e-02 
    2.67963499980e-02    2.31282723995e-02 
   3.01000000000e+04    2.66814770662e-02    2.30456640075e-02 
    2.66814770662e-02    2.30456640075e-02 
   3.01500000000e+04    2.65671028454e-02    2.29635060430e-02 
    2.65671028454e-02    2.29635060430e-02 
   3.02000000000e+04    2.64532249355e-02    2.28817960024e-02 
    2.64532249355e-02    2.28817960024e-02 
   3.02500000000e+04    2.63398409362e-02    2.28005313821e-02 
    2.63398409362e-02    2.28005313821e-02 
   3.03000000000e+04    2.62269484471e-02    2.27197096783e-02 
    2.62269484471e-02    2.27197096783e-02 
   3.03500000000e+04    2.61145450682e-02    2.26393283876e-02 
    2.61145450682e-02    2.26393283876e-02 
   3.04000000000e+04    2.60026283990e-02    2.25593850061e-02 
    2.60026283990e-02    2.25593850061e-02 
   3.04500000000e+04    2.58911960395e-02    2.24798770304e-02 
    2.58911960395e-02    2.24798770304e-02 
   3.05000000000e+04    2.57802455893e-02    2.24008019568e-02 
    2.57802455893e-02    2.24008019568e-02 
   3.05500000000e+04    2.56697746481e-02    2.23221572816e-02 
    2.56697746481e-02    2.23221572816e-02 
   3.06000000000e+04    2.55597808159e-02    2.22439405012e-02 
    2.55597808159e-02    2.22439405012e-02 
   3.06500000000e+04    2.54502616921e-02    2.21661491119e-02 
    2.54502616921e-02    2.21661491119e-02 
   3.07000000000e+04    2.53412148768e-02    2.20887806102e-02 
    2.53412148768e-02    2.20887806102e-02 
   3.07500000000e+04    2.52326379695e-02    2.20118324925e-02 
    2.52326379695e-02    2.20118324925e-02 
   3.08000000000e+04    2.51245285701e-02    2.19353022549e-02 
    2.51245285701e-02    2.19353022549e-02 
   3.08500000000e+04    2.50168842783e-02    2.18591873940e-02 
    2.50168842783e-02    2.18591873940e-02 
   3.09000000000e+04    2.49097026938e-02    2.17834854061e-02 
    2.49097026938e-02    2.17834854061e-02 
   3.09500000000e+04    2.48029814164e-02    2.17081937876e-02 
    2.48029814164e-02    2.17081937876e-02 
   3.10000000000e+04    2.46967180459e-02    2.16333100348e-02 
    2.46967180459e-02    2.16333100348e-02 
   3.10500000000e+04    2.45909101820e-02    2.15588316441e-02 
    2.45909101820e-02    2.15588316441e-02 
   3.11000000000e+04    2.44855554245e-02    2.14847561119e-02 
    2.44855554245e-02    2.14847561119e-02 
   3.11500000000e+04    2.43806513730e-02    2.14110809345e-02 
    2.43806513730e-02    2.14110809345e-02 
   3.12000000000e+04    2.42761956275e-02    2.13378036083e-02 
    2.42761956275e-02    2.13378036083e-02 
   3.12500000000e+04    2.41721857875e-02    2.12649216296e-02 
    2.41721857875e-02    2.12649216296e-02 
   3.13000000000e+04    2.40686194529e-02    2.11924324949e-02 
    2.40686194529e-02    2.11924324949e-02 
   3.13500000000e+04    2.39654942234e-02    2.11203337005e-02 
    2.39654942234e-02    2.11203337005e-02 
   3.14000000000e+04    2.38628076988e-02    2.10486227427e-02 
    2.38628076988e-02    2.10486227427e-02 
   3.14500000000e+04    2.37605574789e-02    2.09772971180e-02 
    2.37605574789e-02    2.09772971180e-02 
   3.15000000000e+04    2.36587411633e-02    2.09063543226e-02 
    2.36587411633e-02    2.09063543226e-02 
   3.15500000000e+04    2.35573563518e-02    2.08357918530e-02 
    2.35573563518e-02    2.08357918530e-02 
   3.16000000000e+04    2.34564006442e-02    2.07656072056e-02 
    2.34564006442e-02    2.07656072056e-02 
   3.16500000000e+04    2.33558716403e-02    2.06957978766e-02 
    2.33558716403e-02    2.06957978766e-02 
   3.17000000000e+04    2.32557669397e-02    2.06263613624e-02 
    2.32557669397e-02    2.06263613624e-02 
   3.17500000000e+04    2.31560841423e-02    2.05572951595e-02 
    2.31560841423e-02    2.05572951595e-02 
   3.18000000000e+04    2.30568208477e-02    2.04885967642e-02 
    2.30568208477e-02    2.04885967642e-02 
   3.18500000000e+04    2.29579746559e-02    2.04202636728e-02 
    2.29579746559e-02    2.04202636728e-02 
   3.19000000000e+04    2.28595431664e-02    2.03522933818e-02 
    2.28595431664e-02    2.03522933818e-02 
   3.19500000000e+04    2.27615239790e-02    2.02846833874e-02 
    2.27615239790e-02    2.02846833874e-02 
   3.20000000000e+04    2.26639146935e-02    2.02174311861e-02 
    2.26639146935e-02    2.02174311861e-02 
