   1.52031921485e+08    1.62167382917e+09    2.53386535808e+06    1.77000000000e+00 
581 
1.658584e-04 
1.604017e-04 
1.552102e-04 
1.502669e-04 
1.455564e-04 
1.410642e-04 
1.367767e-04 
1.326820e-04 
1.287686e-04 
1.250261e-04 
1.214446e-04 
1.180150e-04 
1.147288e-04 
1.115780e-04 
1.085552e-04 
1.056536e-04 
1.028670e-04 
1.001893e-04 
9.761501e-05 
9.513876e-05 
9.275566e-05 
9.046101e-05 
8.825042e-05 
8.611996e-05 
8.406582e-05 
8.208440e-05 
8.017229e-05 
7.832630e-05 
7.654341e-05 
7.482079e-05 
7.315571e-05 
7.154554e-05 
6.998801e-05 
6.848084e-05 
6.702190e-05 
6.560914e-05 
6.424063e-05 
6.291455e-05 
6.162915e-05 
6.038279e-05 
5.917390e-05 
5.800092e-05 
5.686249e-05 
5.575729e-05 
5.468403e-05 
5.364149e-05 
5.262852e-05 
5.164400e-05 
5.068688e-05 
4.975615e-05 
4.885085e-05 
4.797006e-05 
4.711286e-05 
4.627839e-05 
4.546592e-05 
4.467468e-05 
4.390394e-05 
4.315298e-05 
4.242115e-05 
4.170780e-05 
4.101230e-05 
4.033408e-05 
3.967255e-05 
3.902719e-05 
3.839745e-05 
3.778282e-05 
3.718285e-05 
3.659707e-05 
3.602504e-05 
3.546632e-05 
3.492052e-05 
3.438723e-05 
3.386607e-05 
3.335668e-05 
3.285871e-05 
3.237182e-05 
3.189568e-05 
3.142997e-05 
3.097438e-05 
3.052863e-05 
3.009244e-05 
2.966554e-05 
2.924767e-05 
2.883857e-05 
2.843800e-05 
2.804573e-05 
2.766153e-05 
2.728517e-05 
2.691645e-05 
2.655516e-05 
2.620110e-05 
2.585408e-05 
2.551392e-05 
2.518042e-05 
2.485341e-05 
2.453274e-05 
2.421824e-05 
2.390976e-05 
2.360713e-05 
2.331022e-05 
2.301888e-05 
2.273297e-05 
2.245236e-05 
2.217692e-05 
2.190652e-05 
2.164103e-05 
2.138035e-05 
2.112436e-05 
2.087293e-05 
2.062598e-05 
2.038338e-05 
2.014503e-05 
1.991084e-05 
1.968071e-05 
1.945454e-05 
1.923226e-05 
1.901377e-05 
1.879899e-05 
1.858782e-05 
1.838020e-05 
1.817603e-05 
1.797525e-05 
1.777779e-05 
1.758356e-05 
1.739250e-05 
1.720453e-05 
1.701960e-05 
1.683764e-05 
1.665858e-05 
1.648236e-05 
1.630892e-05 
1.613821e-05 
1.597016e-05 
1.580473e-05 
1.564185e-05 
1.548148e-05 
1.532357e-05 
1.516806e-05 
1.501491e-05 
1.486407e-05 
1.471549e-05 
1.456913e-05 
1.442494e-05 
1.428289e-05 
1.414292e-05 
1.400500e-05 
1.386909e-05 
1.373515e-05 
1.360314e-05 
1.347303e-05 
1.334477e-05 
1.321833e-05 
1.309369e-05 
1.297080e-05 
1.284963e-05 
1.273016e-05 
1.261234e-05 
1.249615e-05 
1.238156e-05 
1.226854e-05 
1.215707e-05 
1.204710e-05 
1.193862e-05 
1.183161e-05 
1.172602e-05 
1.162184e-05 
1.151905e-05 
1.141761e-05 
1.131751e-05 
1.121872e-05 
1.112121e-05 
1.102498e-05 
1.092998e-05 
1.083621e-05 
1.074364e-05 
1.065225e-05 
1.056203e-05 
1.047294e-05 
1.038498e-05 
1.029812e-05 
1.021235e-05 
1.012765e-05 
1.004399e-05 
9.961372e-06 
9.879766e-06 
9.799160e-06 
9.719536e-06 
9.640879e-06 
9.563173e-06 
9.486404e-06 
9.410556e-06 
9.335614e-06 
9.261564e-06 
9.188392e-06 
9.116084e-06 
9.044627e-06 
8.974007e-06 
8.904209e-06 
8.835223e-06 
8.767036e-06 
8.699636e-06 
8.633010e-06 
8.567147e-06 
8.502035e-06 
8.437663e-06 
8.374019e-06 
8.311093e-06 
8.248874e-06 
8.187351e-06 
8.126514e-06 
8.066353e-06 
8.006858e-06 
7.948019e-06 
7.889827e-06 
7.832271e-06 
7.775343e-06 
7.719034e-06 
7.663334e-06 
7.608236e-06 
7.553730e-06 
7.499807e-06 
7.446460e-06 
7.393681e-06 
7.341461e-06 
7.289792e-06 
7.238666e-06 
7.188076e-06 
7.138014e-06 
7.088474e-06 
7.039448e-06 
6.990929e-06 
6.942911e-06 
6.895385e-06 
6.848346e-06 
6.801786e-06 
6.755701e-06 
6.710082e-06 
6.664923e-06 
6.620219e-06 
6.575964e-06 
6.532151e-06 
6.488774e-06 
6.445829e-06 
6.403308e-06 
6.361207e-06 
6.319520e-06 
6.278241e-06 
6.237366e-06 
6.196889e-06 
6.156804e-06 
6.117108e-06 
6.077794e-06 
6.038858e-06 
6.000295e-06 
5.962100e-06 
5.924268e-06 
5.886796e-06 
5.849678e-06 
5.812910e-06 
5.776488e-06 
5.740407e-06 
5.704663e-06 
5.669252e-06 
5.634170e-06 
5.599413e-06 
5.564976e-06 
5.530856e-06 
5.497049e-06 
5.463551e-06 
5.430359e-06 
5.397468e-06 
5.364875e-06 
5.332576e-06 
5.300569e-06 
5.268849e-06 
5.237413e-06 
5.206257e-06 
5.175379e-06 
5.144774e-06 
5.114440e-06 
5.084374e-06 
5.054573e-06 
5.025032e-06 
4.995750e-06 
4.966723e-06 
4.937949e-06 
4.909424e-06 
4.881145e-06 
4.853110e-06 
4.825315e-06 
4.797759e-06 
4.770438e-06 
4.743350e-06 
4.716492e-06 
4.689862e-06 
4.663456e-06 
4.637273e-06 
4.611310e-06 
4.585565e-06 
4.560034e-06 
4.534716e-06 
4.509609e-06 
4.484709e-06 
4.460015e-06 
4.435525e-06 
4.411236e-06 
4.387146e-06 
4.363252e-06 
4.339554e-06 
4.316048e-06 
4.292732e-06 
4.269605e-06 
4.246665e-06 
4.223909e-06 
4.201335e-06 
4.178942e-06 
4.156727e-06 
4.134689e-06 
4.112826e-06 
4.091136e-06 
4.069617e-06 
4.048267e-06 
4.027085e-06 
4.006069e-06 
3.985217e-06 
3.964527e-06 
3.943998e-06 
3.923628e-06 
3.903415e-06 
3.883359e-06 
3.863456e-06 
3.843706e-06 
3.824108e-06 
3.804658e-06 
3.785357e-06 
3.766203e-06 
3.747193e-06 
3.728327e-06 
3.709603e-06 
3.691020e-06 
3.672576e-06 
3.654270e-06 
3.636101e-06 
3.618067e-06 
3.600166e-06 
3.582399e-06 
3.564762e-06 
3.547256e-06 
3.529878e-06 
3.512627e-06 
3.495503e-06 
3.478504e-06 
3.461628e-06 
3.444875e-06 
3.428243e-06 
3.411732e-06 
3.395339e-06 
3.379064e-06 
3.362906e-06 
3.346864e-06 
3.330936e-06 
3.315121e-06 
3.299419e-06 
3.283829e-06 
3.268348e-06 
3.252977e-06 
3.237714e-06 
3.222558e-06 
3.207508e-06 
3.192564e-06 
3.177724e-06 
3.162987e-06 
3.148352e-06 
3.133819e-06 
3.119386e-06 
3.105052e-06 
3.090818e-06 
3.076680e-06 
3.062640e-06 
3.048696e-06 
3.034846e-06 
3.021091e-06 
3.007429e-06 
2.993859e-06 
2.980382e-06 
2.966995e-06 
2.953698e-06 
2.940490e-06 
2.927371e-06 
2.914339e-06 
2.901394e-06 
2.888535e-06 
2.875761e-06 
2.863072e-06 
2.850467e-06 
2.837945e-06 
2.825505e-06 
2.813147e-06 
2.800870e-06 
2.788673e-06 
2.776555e-06 
2.764516e-06 
2.752556e-06 
2.740673e-06 
2.728866e-06 
2.717136e-06 
2.705481e-06 
2.693902e-06 
2.682396e-06 
2.670964e-06 
2.659605e-06 
2.648318e-06 
2.637103e-06 
2.625959e-06 
2.614885e-06 
2.603881e-06 
2.592947e-06 
2.582082e-06 
2.571284e-06 
2.560554e-06 
2.549892e-06 
2.539295e-06 
2.528765e-06 
2.518300e-06 
2.507900e-06 
2.497564e-06 
2.487292e-06 
2.477083e-06 
2.466937e-06 
2.456853e-06 
2.446830e-06 
2.436869e-06 
2.426969e-06 
2.417129e-06 
2.407349e-06 
2.397628e-06 
2.387965e-06 
2.378361e-06 
2.368815e-06 
2.359326e-06 
2.349894e-06 
2.340519e-06 
2.331199e-06 
2.321935e-06 
2.312727e-06 
2.303573e-06 
2.294473e-06 
2.285427e-06 
2.276434e-06 
2.267494e-06 
2.258607e-06 
2.249772e-06 
2.240989e-06 
2.232257e-06 
2.223576e-06 
2.214946e-06 
2.206366e-06 
2.197835e-06 
2.189354e-06 
2.180922e-06 
2.172539e-06 
2.164203e-06 
2.155916e-06 
2.147676e-06 
2.139484e-06 
2.131338e-06 
2.123238e-06 
2.115185e-06 
2.107177e-06 
2.099215e-06 
2.091298e-06 
2.083425e-06 
2.075597e-06 
2.067813e-06 
2.060073e-06 
2.052376e-06 
2.044722e-06 
2.037111e-06 
2.029542e-06 
2.022016e-06 
2.014531e-06 
2.007088e-06 
1.999686e-06 
1.992324e-06 
1.985004e-06 
1.977723e-06 
1.970483e-06 
1.963282e-06 
1.956121e-06 
1.948998e-06 
1.941915e-06 
1.934870e-06 
1.927864e-06 
1.920895e-06 
1.913964e-06 
1.907071e-06 
1.900215e-06 
1.893395e-06 
1.886613e-06 
1.879866e-06 
1.873156e-06 
1.866482e-06 
1.859843e-06 
1.853240e-06 
1.846672e-06 
1.840138e-06 
1.833639e-06 
1.827175e-06 
1.820745e-06 
1.814348e-06 
1.807986e-06 
1.801656e-06 
1.795360e-06 
1.789097e-06 
1.782867e-06 
1.776669e-06 
1.770503e-06 
1.764369e-06 
1.758267e-06 
1.752197e-06 
1.746158e-06 
1.740151e-06 
1.734174e-06 
1.728228e-06 
1.722313e-06 
1.716427e-06 
1.710572e-06 
1.704747e-06 
1.698952e-06 
1.693186e-06 
1.687449e-06 
1.681742e-06 
1.676063e-06 
1.670413e-06 
1.664792e-06 
1.659199e-06 
1.653634e-06 
1.648097e-06 
1.642588e-06 
1.637106e-06 
1.631652e-06 
1.626225e-06 
1.620824e-06 
1.615451e-06 
1.610105e-06 
1.604785e-06 
1.599491e-06 
1.594224e-06 
1.588982e-06 
1.583766e-06 
1.578576e-06 
1.573412e-06 
1.568272e-06 
1.563158e-06 
1.558069e-06 
1.553005e-06 
1.547965e-06 
1.542950e-06 
1.537959e-06 
1.532992e-06 
1.528049e-06 
1.523131e-06 
1.518235e-06 
1.513364e-06 
1.508516e-06 
1.503691e-06 
1.498889e-06 
1.494110e-06 
1.489354e-06 
1.484621e-06 
1.479910e-06 
1.475222e-06 
1.470556e-06 
1.465912e-06 
1.461290e-06 
1.456690e-06 
1.452111e-06 
1.447554e-06 
1.443018e-06 
1.438504e-06 
1.434011e-06 
2.103188e-06 
1.968215e-06 
1.843824e-06 
1.729040e-06 
1.622990e-06 
1.524893e-06 
1.434045e-06 
1.349818e-06 
1.271643e-06 
1.199008e-06 
1.131450e-06 
1.068552e-06 
1.009936e-06 
9.552572e-07 
9.042049e-07 
8.564954e-07 
8.118709e-07 
7.700962e-07 
7.309568e-07 
6.942567e-07 
6.598167e-07 
6.274724e-07 
5.970736e-07 
5.684824e-07 
5.415720e-07 
5.162259e-07 
4.923368e-07 
4.698058e-07 
4.485420e-07 
4.284611e-07 
4.094855e-07 
3.915434e-07 
3.745684e-07 
3.584988e-07 
3.432778e-07 
3.288523e-07 
3.151733e-07 
3.021952e-07 
2.898755e-07 
2.781747e-07 
2.670562e-07 
2.564857e-07 
2.464313e-07 
2.368631e-07 
2.277535e-07 
2.190763e-07 
2.108074e-07 
2.029241e-07 
1.954050e-07 
1.882303e-07 
1.813813e-07 
1.748405e-07 
1.685915e-07 
1.626189e-07 
1.569083e-07 
1.514461e-07 
1.462194e-07 
1.412162e-07 
1.364253e-07 
1.318359e-07 
1.274381e-07 
1.232225e-07 
1.191800e-07 
1.153022e-07 
1.115811e-07 
1.080094e-07 
1.045797e-07 
1.012855e-07 
9.812045e-08 
9.507849e-08 
9.215395e-08 
8.934148e-08 
8.663598e-08 
8.403263e-08 
8.152684e-08 
7.911429e-08 
7.679086e-08 
7.455264e-08 
7.239593e-08 
7.031721e-08 
6.831312e-08 
6.638049e-08 
6.451629e-08 
6.271765e-08 
6.098183e-08 
5.930623e-08 
5.768836e-08 
5.612586e-08 
5.461649e-08 
5.315809e-08 
5.174863e-08 
5.038614e-08 
4.906878e-08 
4.779476e-08 
4.656239e-08 
4.537005e-08 
4.421619e-08 
4.309935e-08 
4.201810e-08 
4.097111e-08 
3.995707e-08 
3.897472e-08 
3.802292e-08 
3.710054e-08 
3.620650e-08 
3.533975e-08 
3.449932e-08 
3.368424e-08 
3.289361e-08 
3.212656e-08 
3.138225e-08 
3.065988e-08 
2.995867e-08 
2.927789e-08 
2.861683e-08 
2.797481e-08 
2.735117e-08 
2.674529e-08 
2.615657e-08 
2.558443e-08 
2.502830e-08 
2.448766e-08 
2.396199e-08 
2.345080e-08 
2.295360e-08 
2.246995e-08 
2.199941e-08 
2.154154e-08 
2.109594e-08 
2.066222e-08 
2.024000e-08 
1.982891e-08 
1.942861e-08 
1.903876e-08 
1.865902e-08 
1.828909e-08 
1.792867e-08 
1.757746e-08 
1.723517e-08 
1.690155e-08 
1.657632e-08 
1.625923e-08 
1.595005e-08 
1.564853e-08 
1.535444e-08 
1.506757e-08 
1.478770e-08 
1.451462e-08 
1.424814e-08 
1.398807e-08 
1.373422e-08 
1.348641e-08 
1.324448e-08 
1.300824e-08 
1.277755e-08 
1.255224e-08 
1.233216e-08 
1.211717e-08 
1.190713e-08 
1.170189e-08 
1.150134e-08 
1.130532e-08 
1.111374e-08 
1.092645e-08 
1.074335e-08 
1.056433e-08 
1.038927e-08 
1.021807e-08 
1.005063e-08 
9.886839e-09 
9.726612e-09 
9.569852e-09 
9.416469e-09 
9.266374e-09 
9.119482e-09 
8.975712e-09 
8.834982e-09 
8.697215e-09 
8.562335e-09 
8.430270e-09 
8.300948e-09 
8.174301e-09 
8.050261e-09 
7.928764e-09 
7.809746e-09 
7.693146e-09 
7.578904e-09 
7.466964e-09 
7.357268e-09 
7.249762e-09 
7.144394e-09 
7.041110e-09 
6.939863e-09 
6.840602e-09 
6.743280e-09 
6.647852e-09 
6.554273e-09 
6.462499e-09 
6.372488e-09 
6.284198e-09 
6.197590e-09 
6.112625e-09 
6.029265e-09 
5.947473e-09 
5.867213e-09 
5.788449e-09 
5.711150e-09 
5.635280e-09 
5.560807e-09 
5.487702e-09 
5.415932e-09 
5.345468e-09 
5.276281e-09 
5.208343e-09 
5.141627e-09 
5.076104e-09 
5.011751e-09 
4.948540e-09 
4.886447e-09 
4.825449e-09 
4.765520e-09 
4.706640e-09 
4.648784e-09 
4.591931e-09 
4.536061e-09 
4.481151e-09 
4.427182e-09 
4.374135e-09 
4.321989e-09 
4.270726e-09 
4.220329e-09 
4.170777e-09 
4.122056e-09 
4.074146e-09 
4.027033e-09 
3.980699e-09 
3.935128e-09 
3.890305e-09 
3.846216e-09 
3.802845e-09 
3.760178e-09 
3.718200e-09 
3.676898e-09 
3.636259e-09 
3.596270e-09 
3.556918e-09 
3.518190e-09 
3.480075e-09 
3.442560e-09 
3.405633e-09 
3.369284e-09 
3.333501e-09 
3.298274e-09 
3.263591e-09 
3.229443e-09 
3.195819e-09 
3.162709e-09 
3.130104e-09 
3.097993e-09 
3.066369e-09 
3.035221e-09 
3.004541e-09 
2.974320e-09 
2.944550e-09 
2.915222e-09 
2.886328e-09 
2.857860e-09 
2.829811e-09 
2.802173e-09 
2.774938e-09 
2.748098e-09 
2.721648e-09 
2.695580e-09 
2.669886e-09 
2.644561e-09 
2.619598e-09 
2.594990e-09 
2.570731e-09 
2.546815e-09 
2.523236e-09 
2.499988e-09 
2.477064e-09 
2.454461e-09 
2.432171e-09 
2.410189e-09 
2.388511e-09 
2.367131e-09 
2.346044e-09 
2.325244e-09 
2.304727e-09 
2.284488e-09 
2.264523e-09 
2.244826e-09 
2.225394e-09 
2.206221e-09 
2.187304e-09 
2.168638e-09 
2.150219e-09 
2.132042e-09 
2.114105e-09 
2.096402e-09 
2.078930e-09 
2.061686e-09 
2.044665e-09 
2.027864e-09 
2.011279e-09 
1.994907e-09 
1.978744e-09 
1.962788e-09 
1.947034e-09 
1.931479e-09 
1.916120e-09 
1.900955e-09 
1.885980e-09 
1.871191e-09 
1.856587e-09 
1.842164e-09 
1.827919e-09 
1.813850e-09 
1.799953e-09 
1.786226e-09 
1.772667e-09 
1.759273e-09 
1.746041e-09 
1.732969e-09 
1.720054e-09 
1.707294e-09 
1.694687e-09 
1.682230e-09 
1.669921e-09 
1.657757e-09 
1.645737e-09 
1.633859e-09 
1.622120e-09 
1.610517e-09 
1.599050e-09 
1.587716e-09 
1.576514e-09 
1.565440e-09 
1.554494e-09 
1.543673e-09 
1.532976e-09 
1.522401e-09 
1.511947e-09 
1.501610e-09 
1.491390e-09 
1.481284e-09 
1.471292e-09 
1.461412e-09 
1.451641e-09 
1.441979e-09 
1.432423e-09 
1.422973e-09 
1.413626e-09 
1.404382e-09 
1.395239e-09 
1.386195e-09 
1.377250e-09 
1.368401e-09 
1.359647e-09 
1.350988e-09 
1.342421e-09 
1.333946e-09 
1.325560e-09 
1.317264e-09 
1.309055e-09 
1.300933e-09 
1.292897e-09 
1.284944e-09 
1.277075e-09 
1.269287e-09 
1.261580e-09 
1.253953e-09 
1.246405e-09 
1.238934e-09 
1.231540e-09 
1.224221e-09 
1.216977e-09 
1.209806e-09 
1.202708e-09 
1.195681e-09 
1.188725e-09 
1.181839e-09 
1.175022e-09 
1.168273e-09 
1.161590e-09 
1.154974e-09 
1.148423e-09 
1.141937e-09 
1.135514e-09 
1.129154e-09 
1.122856e-09 
1.116620e-09 
1.110443e-09 
1.104327e-09 
1.098269e-09 
1.092270e-09 
1.086328e-09 
1.080442e-09 
1.074613e-09 
1.068839e-09 
1.063120e-09 
1.057454e-09 
1.051842e-09 
1.046282e-09 
1.040775e-09 
1.035318e-09 
1.029913e-09 
1.024557e-09 
1.019251e-09 
1.013993e-09 
1.008784e-09 
1.003623e-09 
9.985084e-10 
9.934405e-10 
9.884186e-10 
9.834421e-10 
9.785104e-10 
9.736230e-10 
9.687794e-10 
9.639791e-10 
9.592215e-10 
9.545062e-10 
9.498326e-10 
9.452003e-10 
9.406087e-10 
9.360574e-10 
9.315460e-10 
9.270739e-10 
9.226406e-10 
9.182458e-10 
9.138891e-10 
9.095698e-10 
9.052877e-10 
9.010423e-10 
8.968331e-10 
8.926598e-10 
8.885220e-10 
8.844192e-10 
8.803510e-10 
8.763171e-10 
8.723171e-10 
8.683505e-10 
8.644171e-10 
8.605163e-10 
8.566480e-10 
8.528116e-10 
8.490069e-10 
8.452335e-10 
8.414911e-10 
8.377792e-10 
8.340976e-10 
8.304460e-10 
8.268239e-10 
8.232311e-10 
8.196673e-10 
8.161322e-10 
8.126253e-10 
8.091465e-10 
8.056954e-10 
8.022718e-10 
7.988752e-10 
7.955055e-10 
7.921623e-10 
7.888454e-10 
7.855545e-10 
7.822893e-10 
7.790495e-10 
7.758348e-10 
7.726451e-10 
7.694800e-10 
7.663392e-10 
7.632226e-10 
7.601298e-10 
7.570607e-10 
7.540149e-10 
7.509922e-10 
7.479924e-10 
7.450153e-10 
7.420605e-10 
7.391280e-10 
7.362174e-10 
7.333285e-10 
7.304611e-10 
7.276150e-10 
7.247900e-10 
7.219858e-10 
7.192022e-10 
7.164391e-10 
7.136962e-10 
7.109734e-10 
7.082703e-10 
7.055869e-10 
7.029229e-10 
7.002781e-10 
6.976523e-10 
6.950454e-10 
6.924572e-10 
6.898874e-10 
6.873360e-10 
6.848026e-10 
6.822872e-10 
6.797895e-10 
6.773094e-10 
6.748468e-10 
6.724013e-10 
6.699730e-10 
6.675616e-10 
6.651669e-10 
6.627887e-10 
6.604271e-10 
6.580816e-10 
6.557523e-10 
6.534390e-10 
6.511414e-10 
6.488595e-10 
6.465931e-10 
6.443421e-10 
6.421063e-10 
6.398855e-10 
6.376797e-10 
6.354886e-10 
6.333122e-10 
6.311503e-10 
6.290028e-10 
6.268696e-10 
6.247504e-10 
6.226452e-10 
6.205538e-10 
6.184762e-10 
6.164122e-10 
6.143616e-10 
6.123244e-10 
6.103004e-10 
6.082895e-10 
6.062916e-10 
6.043065e-10 
6.023342e-10 
6.003745e-10 
5.984274e-10 
5.964926e-10 
5.945697e-10 
5.926591e-10 
5.907604e-10 
5.888738e-10 
5.869990e-10 
5.851360e-10 
5.832847e-10 
5.814448e-10 
5.796165e-10 
5.777995e-10 
5.759937e-10 
5.741991e-10 
5.724155e-10 
5.706429e-10 
5.688811e-10 
5.671301e-10 
5.653898e-10 
5.636600e-10 
5.619407e-10 
5.602319e-10 
5.585333e-10 
5.568449e-10 
5.551667e-10 
5.534985e-10 
5.518403e-10 
5.501919e-10 
5.485534e-10 
5.469245e-10 
5.453053e-10 
5.436956e-10 
5.420953e-10 
5.405044e-10 
5.389229e-10 
5.373505e-10 
5.357873e-10 
5.342332e-10 
5.326881e-10 
5.311518e-10 
5.296245e-10 
5.281059e-10 
